10 0.033826037521319 0.020506108202443 0.023308698123934 0.004363001745201
10 0.198976691301876 0.048865619546248 0.076179647527004 0.062827225130890
10 0.309266628766345 0.020942408376963 0.029562251279136 0.005235602094241
10 0.487208641273451 0.049301919720768 0.046617396247868 0.063699825479930
10 0.755258669698692 0.040139616055846 0.039226833428084 0.043630017452007
10 0.070778851620239 0.021378708551483 0.035815804434338 0.004363001745201
10 0.345650938032973 0.022251308900524 0.040932347924957 0.004363001745201
10 0.393973848777715 0.021815008726003 0.010233086981239 0.003490401396161
10 0.618817509948835 0.022251308900524 0.031267765776009 0.006108202443281
10 0.722569641841956 0.022687609075044 0.022740193291643 0.005235602094241
10 0.447129050596930 0.023123909249564 0.027856736782263 0.004363001745201
10 0.582717453098351 0.023123909249564 0.022740193291643 0.004363001745201
10 0.859295054007959 0.023123909249564 0.024445707788516 0.004363001745201
10 0.896247868106879 0.023560209424084 0.041500852757248 0.005235602094241
10 0.990903922683343 0.023560209424084 0.014781125639568 0.003490401396161
10 0.128197839681637 0.085078534031414 0.019897669130188 0.053228621291449
10 0.041785105173394 0.102530541012216 0.006253553155202 0.084642233856894
10 0.179363274587834 0.116055846422339 0.006253553155202 0.111692844677138
10 0.270324047754406 0.095113438045375 0.010801591813530 0.069808027923211
10 0.316372939169983 0.109947643979058 0.006253553155202 0.099476439790576
10 0.404491188175099 0.085951134380454 0.017623649801023 0.053228621291449
10 0.591529277998863 0.103403141361257 0.006253553155202 0.086387434554974
10 0.453951108584423 0.108638743455497 0.006253553155202 0.095113438045375
10 0.545480386583286 0.082024432809773 0.009664582148948 0.041884816753927
10 0.679079022171688 0.082024432809773 0.016486640136441 0.041884816753927
10 0.728823194997158 0.104275741710297 0.005685048322911 0.084642233856894
10 0.761227970437749 0.071553228621291 0.042069357589540 0.019197207678883
10 0.865832859579306 0.105148342059337 0.005685048322911 0.086387434554974
10 0.954235361000568 0.081151832460733 0.015349630471859 0.038394415357766
10 0.819783968163729 0.082897033158813 0.010233086981239 0.038394415357766
10 0.081011938601478 0.545811518324607 0.030130756111427 0.775741710296684
10 0.218305855599773 0.551047120418848 0.029562251279136 0.786212914485166
10 0.354462762933485 0.554101221640489 0.028993746446845 0.792321116928447
10 0.492609437180216 0.554537521815009 0.031267765776009 0.791448516579407
10 0.629050596930074 0.537958115183246 0.028993746446845 0.756544502617801
10 0.766913018760659 0.538394415357766 0.029562251279136 0.755671902268761
10 0.904206935758954 0.538394415357766 0.030130756111427 0.755671902268761
10 0.103752131893121 0.229057591623037 0.009664582148948 0.009598603839442
10 0.151790790221717 0.228621291448517 0.006822057987493 0.008726003490401
10 0.020466173962479 0.229057591623037 0.022740193291643 0.007853403141361
10 0.057703240477544 0.229930191972077 0.007390562819784 0.009598603839442
10 0.122228538942581 0.229057591623037 0.006822057987493 0.007853403141361
10 0.165719158612848 0.229493891797557 0.006253553155202 0.008726003490401
10 0.195565662308130 0.230366492146597 0.006822057987493 0.008726003490401
10 0.241046048891416 0.229930191972077 0.010233086981239 0.009598603839442
10 0.258385446276293 0.229493891797557 0.006253553155202 0.008726003490401
10 0.288800454803866 0.229930191972077 0.009096077316657 0.007853403141361
10 0.301876065946561 0.230366492146597 0.011370096645821 0.008726003490401
10 0.332575326890279 0.230366492146597 0.006822057987493 0.008726003490401
10 0.377771461057419 0.230366492146597 0.010801591813530 0.008726003490401
10 0.396247868106879 0.230366492146597 0.005685048322911 0.008726003490401
10 0.425525866969869 0.229930191972077 0.008527572484366 0.007853403141361
10 0.440306992609437 0.230366492146597 0.006253553155202 0.008726003490401
10 0.516770892552587 0.230366492146597 0.012507106310404 0.008726003490401
10 0.562251279135873 0.230366492146597 0.006822057987493 0.008726003490401
10 0.578169414440023 0.230802792321117 0.006822057987493 0.009598603839442
10 0.714326321773735 0.230366492146597 0.006253553155202 0.008726003490401
10 0.469016486640136 0.231239092495637 0.006822057987493 0.008726003490401
10 0.532404775440591 0.231239092495637 0.009664582148948 0.008726003490401
10 0.606878908470722 0.232111692844677 0.007390562819784 0.008726003490401
10 0.652075042637862 0.231239092495637 0.011370096645821 0.008726003490401
10 0.669982944855031 0.230802792321117 0.007390562819784 0.007853403141361
10 0.699545196134167 0.231239092495637 0.007390562819784 0.008726003490401
10 0.743888573052871 0.231675392670157 0.007390562819784 0.009598603839442
10 0.789084707220011 0.231239092495637 0.011370096645821 0.008726003490401
10 0.808129619101762 0.231239092495637 0.006253553155202 0.008726003490401
10 0.837123365548607 0.231675392670157 0.005116543490620 0.007853403141361
10 0.851620238772030 0.232111692844677 0.007959067652075 0.008726003490401
10 0.927515633882888 0.231239092495637 0.011938601478113 0.008726003490401
10 0.944570778851620 0.231675392670157 0.007390562819784 0.007853403141361
10 0.975270039795338 0.232111692844677 0.008527572484366 0.008726003490401
10 0.988914155770324 0.232111692844677 0.009664582148948 0.008726003490401
10 0.881466742467311 0.232547993019197 0.005116543490620 0.007853403141361
10 0.020466173962479 0.248254799301920 0.023877202956225 0.009598603839442
10 0.104320636725412 0.247818499127400 0.009664582148948 0.008726003490401
10 0.121944286526435 0.247818499127400 0.008527572484366 0.008726003490401
10 0.151790790221717 0.247818499127400 0.009096077316657 0.008726003490401
10 0.057418988061399 0.248691099476440 0.006822057987493 0.008726003490401
10 0.165434906196703 0.248254799301920 0.007959067652075 0.007853403141361
10 0.194712905059693 0.248691099476440 0.006253553155202 0.008726003490401
10 0.241898806139852 0.248691099476440 0.011938601478113 0.008726003490401
10 0.258101193860148 0.248691099476440 0.007959067652075 0.008726003490401
10 0.295622512791359 0.248691099476440 0.023877202956225 0.008726003490401
10 0.332575326890279 0.248691099476440 0.006822057987493 0.008726003490401
10 0.377487208641273 0.248691099476440 0.012507106310404 0.008726003490401
10 0.395963615690733 0.249127399650960 0.007390562819784 0.007853403141361
10 0.425810119386015 0.248691099476440 0.009096077316657 0.008726003490401
10 0.439454235361001 0.248691099476440 0.007959067652075 0.008726003490401
10 0.468732234223991 0.249563699825480 0.007390562819784 0.008726003490401
10 0.517339397384878 0.249127399650960 0.013644115974986 0.009598603839442
10 0.562251279135873 0.249563699825480 0.007959067652075 0.008726003490401
10 0.577600909607732 0.249563699825480 0.009096077316657 0.008726003490401
10 0.652927799886299 0.249563699825480 0.011938601478113 0.008726003490401
10 0.669698692438886 0.249563699825480 0.009096077316657 0.008726003490401
10 0.699829448550313 0.249563699825480 0.009096077316657 0.008726003490401
10 0.714326321773735 0.249127399650960 0.007390562819784 0.007853403141361
10 0.808129619101762 0.249563699825480 0.008527572484366 0.008726003490401
10 0.531836270608300 0.250000000000000 0.011938601478113 0.007853403141361
10 0.606310403638431 0.250000000000000 0.007390562819784 0.007853403141361
10 0.743320068220580 0.250436300174520 0.007390562819784 0.008726003490401
10 0.790505969300739 0.250436300174520 0.010801591813530 0.008726003490401
10 0.836839113132462 0.250872600349040 0.006822057987493 0.007853403141361
10 0.851335986355884 0.250436300174520 0.009664582148948 0.008726003490401
10 0.880898237635020 0.251308900523560 0.007390562819784 0.008726003490401
10 0.927799886299034 0.250436300174520 0.012507106310404 0.008726003490401
10 0.943718021603184 0.250436300174520 0.010233086981239 0.008726003490401
10 0.975838544627629 0.250436300174520 0.010801591813530 0.008726003490401
10 0.987777146105742 0.251308900523560 0.010801591813530 0.008726003490401
10 0.121660034110290 0.269197207678883 0.010233086981239 0.009598603839442
10 0.152359295054008 0.269197207678883 0.010233086981239 0.009598603839442
10 0.019897669130188 0.269633507853403 0.023877202956225 0.008726003490401
10 0.057418988061399 0.269633507853403 0.007959067652075 0.008726003490401
10 0.103467879476976 0.269197207678883 0.012507106310404 0.007853403141361
10 0.164297896532121 0.269633507853403 0.010233086981239 0.008726003490401
10 0.194997157475839 0.270069808027923 0.007959067652075 0.007853403141361
10 0.241614553723707 0.269633507853403 0.013644115974986 0.008726003490401
10 0.257816941444002 0.269633507853403 0.008527572484366 0.008726003490401
10 0.295054007959068 0.270069808027923 0.023877202956225 0.009598603839442
10 0.332291074474133 0.270069808027923 0.007390562819784 0.009598603839442
10 0.378055713473565 0.269633507853403 0.013644115974986 0.008726003490401
10 0.395395110858442 0.270506108202443 0.008527572484366 0.008726003490401
10 0.432063672541217 0.270069808027923 0.022740193291643 0.009598603839442
10 0.469300739056282 0.270506108202443 0.008527572484366 0.008726003490401
10 0.523308698123934 0.270942408376963 0.027856736782263 0.009598603839442
10 0.562535531552018 0.270506108202443 0.008527572484366 0.008726003490401
10 0.576748152359295 0.270506108202443 0.009664582148948 0.008726003490401
10 0.669130187606595 0.270506108202443 0.010233086981239 0.008726003490401
10 0.713757816941444 0.270506108202443 0.008527572484366 0.008726003490401
10 0.606026151222285 0.271378708551483 0.007959067652075 0.008726003490401
10 0.652643547470154 0.271378708551483 0.013644115974986 0.008726003490401
10 0.700113700966458 0.271378708551483 0.009664582148948 0.008726003490401
10 0.743035815804434 0.271378708551483 0.007959067652075 0.008726003490401
10 0.790221716884594 0.271378708551483 0.011370096645821 0.008726003490401
10 0.807276861853326 0.270942408376963 0.009096077316657 0.007853403141361
10 0.837123365548607 0.272251308900524 0.008527572484366 0.008726003490401
10 0.850483229107447 0.271815008726004 0.010233086981239 0.007853403141361
10 0.880898237635020 0.272251308900524 0.007390562819784 0.008726003490401
10 0.928936895963616 0.271378708551483 0.014781125639568 0.008726003490401
10 0.943718021603184 0.271378708551483 0.010233086981239 0.008726003490401
10 0.981807845366686 0.272251308900524 0.023877202956225 0.008726003490401
10 0.020181921546333 0.287958115183246 0.024445707788516 0.008726003490401
10 0.057134735645253 0.287958115183246 0.008527572484366 0.008726003490401
10 0.104036384309267 0.287958115183246 0.013644115974986 0.008726003490401
10 0.120807276861853 0.287958115183246 0.010801591813530 0.008726003490401
10 0.152359295054008 0.287958115183246 0.011370096645821 0.008726003490401
10 0.164866401364412 0.287958115183246 0.009096077316657 0.008726003490401
10 0.194712905059693 0.288394415357766 0.008527572484366 0.009598603839442
10 0.257248436611711 0.288394415357766 0.009664582148948 0.009598603839442
10 0.241898806139852 0.288830715532286 0.014212620807277 0.008726003490401
10 0.295054007959068 0.288830715532286 0.023877202956225 0.008726003490401
10 0.332291074474133 0.288830715532286 0.008527572484366 0.008726003490401
10 0.378339965889710 0.288830715532286 0.014212620807277 0.008726003490401
10 0.394826606026151 0.288830715532286 0.009664582148948 0.008726003490401
10 0.426094371802160 0.288830715532286 0.011938601478113 0.008726003490401
10 0.438317225696418 0.288830715532286 0.011370096645821 0.008726003490401
10 0.468447981807845 0.288830715532286 0.006822057987493 0.008726003490401
10 0.523024445707788 0.289703315881326 0.028425241614554 0.008726003490401
10 0.563672541216600 0.289703315881326 0.010801591813530 0.008726003490401
10 0.575895395110858 0.289703315881326 0.011370096645821 0.008726003490401
10 0.606026151222285 0.290139616055846 0.007959067652075 0.009598603839442
10 0.652927799886299 0.289267015706806 0.014212620807277 0.009598603839442
10 0.668845935190449 0.289703315881326 0.010801591813530 0.008726003490401
10 0.699829448550313 0.289703315881326 0.010233086981239 0.008726003490401
10 0.713189312109153 0.289703315881326 0.009664582148948 0.008726003490401
10 0.743604320636725 0.290139616055846 0.009096077316657 0.009598603839442
10 0.790221716884594 0.290139616055846 0.013644115974986 0.009598603839442
10 0.934621944286526 0.289703315881326 0.028425241614554 0.008726003490401
10 0.806992609437180 0.290139616055846 0.009664582148948 0.007853403141361
10 0.837976122797044 0.290575916230366 0.010233086981239 0.008726003490401
10 0.850198976691302 0.290575916230366 0.011938601478113 0.008726003490401
10 0.880898237635020 0.291012216404887 0.007390562819784 0.009598603839442
10 0.981523592950540 0.291012216404887 0.024445707788516 0.009598603839442
10 0.019897669130188 0.306719022687609 0.023877202956225 0.009598603839442
10 0.056850483229107 0.307155322862129 0.007959067652075 0.008726003490401
10 0.104036384309267 0.306282722513089 0.013644115974986 0.008726003490401
10 0.120807276861853 0.306719022687609 0.010801591813530 0.007853403141361
10 0.157760090960773 0.306719022687609 0.023308698123934 0.009598603839442
10 0.194997157475839 0.307155322862129 0.009096077316657 0.008726003490401
10 0.248436611711200 0.307155322862129 0.028425241614554 0.008726003490401
10 0.385446276293348 0.307591623036649 0.028425241614554 0.009598603839442
10 0.432063672541217 0.307591623036649 0.023877202956225 0.009598603839442
10 0.295054007959068 0.307591623036649 0.025014212620807 0.007853403141361
10 0.331722569641842 0.308027923211169 0.008527572484366 0.008726003490401
10 0.467879476975554 0.308027923211169 0.007959067652075 0.008726003490401
10 0.523024445707788 0.308027923211169 0.028425241614554 0.008726003490401
10 0.569641841955657 0.308464223385689 0.023877202956225 0.009598603839442
10 0.606310403638431 0.308900523560209 0.009664582148948 0.008726003490401
10 0.659749857873792 0.308464223385689 0.028993746446845 0.009598603839442
10 0.706367254121660 0.308027923211169 0.023308698123934 0.008726003490401
10 0.742751563388289 0.308900523560209 0.008527572484366 0.008726003490401
10 0.789937464468448 0.308464223385689 0.015349630471859 0.009598603839442
10 0.806708357021035 0.308900523560209 0.010233086981239 0.008726003490401
10 0.935190449118818 0.308900523560209 0.028425241614554 0.008726003490401
10 0.843945423536100 0.309336823734729 0.023308698123934 0.007853403141361
10 0.881182490051165 0.309773123909250 0.009096077316657 0.008726003490401
10 0.981523592950540 0.309773123909250 0.024445707788516 0.008726003490401
10 0.019897669130188 0.325479930191972 0.025014212620807 0.008726003490401
10 0.056850483229107 0.325479930191972 0.009096077316657 0.008726003490401
10 0.111711199545196 0.325479930191972 0.028993746446845 0.008726003490401
10 0.157760090960773 0.325916230366492 0.023308698123934 0.009598603839442
10 0.194428652643547 0.326352530541012 0.009096077316657 0.008726003490401
10 0.248436611711200 0.325916230366492 0.028425241614554 0.009598603839442
10 0.295054007959068 0.326352530541012 0.025014212620807 0.008726003490401
10 0.331722569641842 0.326352530541012 0.008527572484366 0.008726003490401
10 0.378908470722001 0.326352530541012 0.016486640136441 0.008726003490401
10 0.431779420125071 0.326352530541012 0.023308698123934 0.008726003490401
10 0.523024445707788 0.326788830715532 0.028425241614554 0.009598603839442
10 0.706367254121660 0.326788830715532 0.024445707788516 0.009598603839442
10 0.393973848777715 0.326788830715532 0.012507106310404 0.007853403141361
10 0.468163729391700 0.326788830715532 0.008527572484366 0.007853403141361
10 0.569357589539511 0.327225130890052 0.024445707788516 0.008726003490401
10 0.605741898806140 0.327661431064572 0.009664582148948 0.009598603839442
10 0.659749857873792 0.327225130890052 0.028993746446845 0.008726003490401
10 0.742751563388289 0.328097731239092 0.008527572484366 0.008726003490401
10 0.790790221716885 0.327661431064572 0.015918135304150 0.009598603839442
10 0.806424104604889 0.327661431064572 0.010801591813530 0.007853403141361
10 0.843945423536100 0.328097731239092 0.023308698123934 0.008726003490401
10 0.880045480386583 0.328534031413613 0.007959067652075 0.009598603839442
10 0.934621944286526 0.327661431064572 0.029562251279136 0.009598603839442
10 0.981239340534395 0.328097731239092 0.025014212620807 0.008726003490401
10 0.111142694712905 0.344240837696335 0.030130756111427 0.009598603839442
10 0.019613416714042 0.344677137870855 0.025582717453098 0.008726003490401
10 0.056850483229107 0.344677137870855 0.009096077316657 0.008726003490401
10 0.157760090960773 0.344677137870855 0.024445707788516 0.008726003490401
10 0.193860147811256 0.344677137870855 0.009096077316657 0.008726003490401
10 0.248436611711200 0.344677137870855 0.028425241614554 0.008726003490401
10 0.295054007959068 0.345113438045375 0.025014212620807 0.009598603839442
10 0.332006822057987 0.345113438045375 0.010233086981239 0.009598603839442
10 0.385162023877203 0.345113438045375 0.028993746446845 0.009598603839442
10 0.431779420125071 0.345549738219895 0.024445707788516 0.008726003490401
10 0.468447981807845 0.345549738219895 0.009096077316657 0.008726003490401
10 0.522455940875497 0.345986038394415 0.030699260943718 0.009598603839442
10 0.569357589539511 0.345549738219895 0.024445707788516 0.008726003490401
10 0.659749857873792 0.345549738219895 0.030130756111427 0.008726003490401
10 0.706083001705515 0.345986038394415 0.025014212620807 0.009598603839442
10 0.605457646389994 0.346422338568935 0.009096077316657 0.008726003490401
10 0.742467310972143 0.346858638743456 0.009096077316657 0.009598603839442
10 0.790790221716885 0.346422338568935 0.017055144968732 0.008726003490401
10 0.806139852188744 0.346422338568935 0.012507106310404 0.008726003490401
10 0.843661171119955 0.347294938917976 0.025014212620807 0.008726003490401
10 0.934337691870381 0.346422338568935 0.030130756111427 0.008726003490401
10 0.980955088118249 0.347294938917976 0.025582717453098 0.008726003490401
10 0.880329732802729 0.347731239092496 0.008527572484366 0.007853403141361
10 0.019329164297897 0.363001745200698 0.026151222285389 0.008726003490401
10 0.056850483229107 0.363438045375218 0.010233086981239 0.009598603839442
10 0.111142694712905 0.363001745200698 0.030130756111427 0.008726003490401
10 0.157760090960773 0.363438045375218 0.024445707788516 0.009598603839442
10 0.248152359295054 0.363438045375218 0.028993746446845 0.009598603839442
10 0.193575895395111 0.363874345549738 0.008527572484366 0.008726003490401
10 0.294769755542922 0.363874345549738 0.025582717453098 0.008726003490401
10 0.331154064809551 0.363874345549738 0.008527572484366 0.008726003490401
10 0.385162023877203 0.363874345549738 0.030130756111427 0.008726003490401
10 0.431495167708926 0.364310645724258 0.025014212620807 0.009598603839442
10 0.467595224559409 0.364310645724258 0.009664582148948 0.009598603839442
10 0.523024445707788 0.364310645724258 0.029562251279136 0.009598603839442
10 0.569073337123365 0.364746945898778 0.025014212620807 0.008726003490401
10 0.660034110289937 0.364746945898778 0.029562251279136 0.008726003490401
10 0.706083001705515 0.365183246073298 0.025014212620807 0.009598603839442
10 0.797328027288232 0.365183246073298 0.030130756111427 0.009598603839442
10 0.605741898806140 0.365619546247819 0.009664582148948 0.008726003490401
10 0.742467310972143 0.365619546247819 0.010233086981239 0.008726003490401
10 0.843661171119955 0.365619546247819 0.025014212620807 0.008726003490401
10 0.879761227970438 0.366055846422339 0.008527572484366 0.007853403141361
10 0.934337691870381 0.365619546247819 0.030130756111427 0.008726003490401
10 0.980955088118249 0.366055846422339 0.025582717453098 0.009598603839442
10 0.019613416714042 0.382198952879581 0.026719727117680 0.008726003490401
10 0.056281978396816 0.382198952879581 0.009096077316657 0.008726003490401
10 0.111142694712905 0.381762652705061 0.030130756111427 0.009598603839442
10 0.157191586128482 0.381762652705061 0.024445707788516 0.009598603839442
10 0.247868106878908 0.382198952879581 0.029562251279136 0.008726003490401
10 0.384593519044912 0.382635253054101 0.030130756111427 0.009598603839442
10 0.522455940875497 0.383071553228621 0.030699260943718 0.010471204188482
10 0.193860147811256 0.383071553228621 0.009096077316657 0.008726003490401
10 0.294769755542922 0.383071553228621 0.025582717453098 0.008726003490401
10 0.330869812393405 0.383071553228621 0.009096077316657 0.008726003490401
10 0.431210915292780 0.383071553228621 0.024445707788516 0.008726003490401
10 0.468163729391700 0.383071553228621 0.009664582148948 0.008726003490401
10 0.569357589539511 0.383507853403141 0.024445707788516 0.009598603839442
10 0.605741898806140 0.383944153577661 0.010801591813530 0.008726003490401
10 0.659465605457646 0.383507853403141 0.029562251279136 0.009598603839442
10 0.705514496873223 0.383944153577661 0.025014212620807 0.008726003490401
10 0.797328027288232 0.383944153577661 0.030130756111427 0.008726003490401
10 0.843661171119955 0.384380453752181 0.025014212620807 0.009598603839442
10 0.934053439454235 0.383944153577661 0.030699260943718 0.008726003490401
10 0.742751563388289 0.384816753926702 0.010801591813530 0.008726003490401
10 0.879761227970438 0.384816753926702 0.009664582148948 0.008726003490401
10 0.980955088118249 0.384816753926702 0.025582717453098 0.008726003490401
10 0.110858442296760 0.400087260034904 0.030699260943718 0.009598603839442
10 0.019613416714042 0.400523560209424 0.025582717453098 0.008726003490401
10 0.056281978396816 0.400523560209424 0.009096077316657 0.008726003490401
10 0.157191586128482 0.400959860383944 0.024445707788516 0.009598603839442
10 0.193575895395111 0.401396160558464 0.009664582148948 0.008726003490401
10 0.247583854462763 0.400959860383944 0.030130756111427 0.009598603839442
10 0.294485503126777 0.401396160558464 0.025014212620807 0.008726003490401
10 0.331438317225696 0.401396160558464 0.010233086981239 0.008726003490401
10 0.384877771461057 0.401396160558464 0.030699260943718 0.008726003490401
10 0.431495167708926 0.401396160558464 0.025014212620807 0.008726003490401
10 0.522455940875497 0.401832460732984 0.029562251279136 0.009598603839442
10 0.467310972143263 0.401832460732984 0.009096077316657 0.007853403141361
10 0.569357589539511 0.402268760907504 0.025582717453098 0.008726003490401
10 0.605457646389994 0.402268760907504 0.010233086981239 0.008726003490401
10 0.659749857873792 0.402268760907504 0.030130756111427 0.008726003490401
10 0.706083001705515 0.402268760907504 0.025014212620807 0.008726003490401
10 0.742467310972143 0.403141361256544 0.010233086981239 0.008726003490401
10 0.797043774872086 0.402705061082024 0.029562251279136 0.009598603839442
10 0.843376918703809 0.403141361256544 0.025582717453098 0.008726003490401
10 0.934337691870381 0.402705061082024 0.031267765776009 0.007853403141361
10 0.980955088118249 0.403577661431065 0.025582717453098 0.009598603839442
10 0.879761227970438 0.404013961605585 0.008527572484366 0.008726003490401
10 0.019613416714042 0.419284467713787 0.024445707788516 0.009598603839442
10 0.110289937464468 0.418848167539267 0.030699260943718 0.008726003490401
10 0.157191586128482 0.419284467713787 0.024445707788516 0.009598603839442
10 0.055997725980671 0.419720767888307 0.009664582148948 0.008726003490401
10 0.193575895395111 0.420157068062827 0.009664582148948 0.009598603839442
10 0.247868106878908 0.419720767888307 0.029562251279136 0.008726003490401
10 0.294201250710631 0.420157068062827 0.024445707788516 0.009598603839442
10 0.331154064809551 0.420157068062827 0.009664582148948 0.009598603839442
10 0.384877771461057 0.420157068062827 0.029562251279136 0.009598603839442
10 0.431210915292780 0.420157068062827 0.024445707788516 0.009598603839442
10 0.467879476975554 0.420593368237347 0.009096077316657 0.008726003490401
10 0.522171688459352 0.420593368237347 0.030130756111427 0.008726003490401
10 0.568789084707220 0.420593368237347 0.024445707788516 0.008726003490401
10 0.659181353041501 0.420593368237347 0.030130756111427 0.008726003490401
10 0.796759522455941 0.421029668411867 0.030130756111427 0.009598603839442
10 0.605173393973849 0.421465968586387 0.009664582148948 0.008726003490401
10 0.705798749289369 0.421465968586387 0.025582717453098 0.008726003490401
10 0.742751563388289 0.421465968586387 0.009664582148948 0.008726003490401
10 0.843092666287663 0.421902268760908 0.025014212620807 0.009598603839442
10 0.934053439454235 0.421465968586387 0.030699260943718 0.008726003490401
10 0.980670835702103 0.422338568935428 0.025014212620807 0.008726003490401
10 0.879192723138147 0.422774869109948 0.008527572484366 0.007853403141361
10 0.019044911881751 0.438045375218150 0.024445707788516 0.008726003490401
10 0.056281978396816 0.438045375218150 0.009096077316657 0.008726003490401
10 0.110289937464468 0.437609075043630 0.029562251279136 0.009598603839442
10 0.156907333712337 0.438481675392670 0.023877202956225 0.009598603839442
10 0.247299602046617 0.438481675392670 0.029562251279136 0.009598603839442
10 0.294201250710631 0.438481675392670 0.024445707788516 0.009598603839442
10 0.193575895395111 0.438917975567190 0.008527572484366 0.008726003490401
10 0.330869812393405 0.438917975567190 0.010233086981239 0.008726003490401
10 0.384877771461057 0.438917975567190 0.029562251279136 0.008726003490401
10 0.430926662876634 0.439354275741710 0.025014212620807 0.009598603839442
10 0.467595224559409 0.439354275741710 0.008527572484366 0.009598603839442
10 0.521887436043206 0.439354275741710 0.029562251279136 0.009598603839442
10 0.568789084707220 0.439790575916230 0.024445707788516 0.008726003490401
10 0.604889141557703 0.439790575916230 0.010233086981239 0.008726003490401
10 0.658897100625355 0.439354275741710 0.030699260943718 0.009598603839442
10 0.705798749289369 0.439790575916230 0.025582717453098 0.008726003490401
10 0.796475270039795 0.439790575916230 0.029562251279136 0.008726003490401
10 0.933484934621944 0.439790575916230 0.029562251279136 0.008726003490401
10 0.742751563388289 0.440663176265271 0.009664582148948 0.008726003490401
10 0.842524161455372 0.440663176265271 0.025014212620807 0.008726003490401
10 0.879761227970438 0.440663176265271 0.009664582148948 0.008726003490401
10 0.980386583285958 0.440663176265271 0.024445707788516 0.008726003490401
10 0.019329164297897 0.456369982547993 0.023877202956225 0.008726003490401
10 0.055997725980671 0.457242582897033 0.009664582148948 0.008726003490401
10 0.110289937464468 0.456806282722513 0.028425241614554 0.009598603839442
10 0.156907333712337 0.457242582897033 0.023877202956225 0.008726003490401
10 0.193575895395111 0.457242582897033 0.008527572484366 0.008726003490401
10 0.247583854462763 0.457242582897033 0.028993746446845 0.008726003490401
10 0.294201250710631 0.457678883071553 0.024445707788516 0.009598603839442
10 0.330585559977260 0.457678883071553 0.009664582148948 0.009598603839442
10 0.384025014212621 0.457678883071553 0.031267765776009 0.009598603839442
10 0.431210915292780 0.457678883071553 0.024445707788516 0.009598603839442
10 0.521603183627061 0.457678883071553 0.028993746446845 0.009598603839442
10 0.467595224559409 0.458115183246073 0.008527572484366 0.008726003490401
10 0.568504832291075 0.458115183246073 0.025014212620807 0.008726003490401
10 0.604889141557703 0.458551483420593 0.010233086981239 0.009598603839442
10 0.658897100625355 0.458115183246073 0.029562251279136 0.008726003490401
10 0.705514496873223 0.458115183246073 0.025014212620807 0.008726003490401
10 0.742183058555998 0.458987783595113 0.009664582148948 0.008726003490401
10 0.796475270039795 0.458551483420593 0.028425241614554 0.009598603839442
10 0.842524161455372 0.459424083769634 0.025014212620807 0.009598603839442
10 0.933484934621944 0.458987783595113 0.029562251279136 0.008726003490401
10 0.980386583285958 0.459424083769634 0.024445707788516 0.009598603839442
10 0.879476975554292 0.459860383944154 0.009096077316657 0.008726003490401
10 0.109721432632177 0.475130890052356 0.029562251279136 0.009598603839442
10 0.019329164297897 0.475567190226876 0.023877202956225 0.008726003490401
10 0.055713473564525 0.475567190226876 0.009096077316657 0.008726003490401
10 0.156907333712337 0.475567190226876 0.025014212620807 0.008726003490401
10 0.193860147811256 0.475567190226876 0.009096077316657 0.008726003490401
10 0.247015349630472 0.475567190226876 0.030130756111427 0.008726003490401
10 0.293632745878340 0.476439790575916 0.024445707788516 0.008726003490401
10 0.330585559977260 0.476439790575916 0.009664582148948 0.008726003490401
10 0.384025014212621 0.476439790575916 0.030130756111427 0.008726003490401
10 0.431210915292780 0.476439790575916 0.024445707788516 0.008726003490401
10 0.521318931210915 0.476003490401396 0.030699260943718 0.009598603839442
10 0.658612848209210 0.476876090750436 0.030130756111427 0.009598603839442
10 0.467310972143263 0.477312390924956 0.007959067652075 0.008726003490401
10 0.568504832291075 0.477312390924956 0.023877202956225 0.008726003490401
10 0.604604889141558 0.477312390924956 0.009664582148948 0.008726003490401
10 0.705514496873223 0.477312390924956 0.023877202956225 0.008726003490401
10 0.742183058555998 0.477748691099476 0.008527572484366 0.009598603839442
10 0.796191017623650 0.477312390924956 0.028993746446845 0.008726003490401
10 0.842524161455372 0.477748691099476 0.023877202956225 0.009598603839442
10 0.879476975554292 0.478621291448517 0.009096077316657 0.009598603839442
10 0.933200682205799 0.477748691099476 0.028993746446845 0.009598603839442
10 0.980102330869812 0.478184991273996 0.023877202956225 0.008726003490401
10 0.019044911881751 0.493891797556719 0.023308698123934 0.008726003490401
10 0.055713473564525 0.494328097731239 0.009096077316657 0.009598603839442
10 0.109721432632177 0.493891797556719 0.028425241614554 0.008726003490401
10 0.156907333712337 0.494328097731239 0.023877202956225 0.009598603839442
10 0.247015349630472 0.494328097731239 0.028993746446845 0.009598603839442
10 0.193575895395111 0.495200698080279 0.008527572484366 0.009598603839442
10 0.293916998294485 0.495200698080279 0.023877202956225 0.007853403141361
10 0.330301307561114 0.495200698080279 0.009096077316657 0.009598603839442
10 0.384025014212621 0.494764397905759 0.028993746446845 0.008726003490401
10 0.430926662876634 0.495636998254799 0.023877202956225 0.008726003490401
10 0.467879476975554 0.495636998254799 0.007959067652075 0.008726003490401
10 0.521318931210915 0.495200698080279 0.029562251279136 0.009598603839442
10 0.604604889141558 0.496073298429319 0.009664582148948 0.009598603839442
10 0.658328595793064 0.495636998254799 0.029562251279136 0.008726003490401
10 0.705514496873223 0.495636998254799 0.023877202956225 0.008726003490401
10 0.742751563388289 0.496073298429319 0.009664582148948 0.009598603839442
10 0.796191017623650 0.496073298429319 0.028993746446845 0.009598603839442
10 0.933484934621944 0.496073298429319 0.028425241614554 0.009598603839442
10 0.567936327458783 0.496073298429319 0.023877202956225 0.007853403141361
10 0.842239909039227 0.496509598603839 0.024445707788516 0.008726003490401
10 0.878908470722001 0.497382198952880 0.007959067652075 0.008726003490401
10 0.979818078453667 0.496945898778359 0.023308698123934 0.009598603839442
10 0.019044911881751 0.513089005235602 0.023308698123934 0.008726003490401
10 0.055713473564525 0.513089005235602 0.009096077316657 0.008726003490401
10 0.109152927799886 0.512652705061082 0.028425241614554 0.009598603839442
10 0.156338828880045 0.513089005235602 0.023877202956225 0.008726003490401
10 0.247583854462763 0.513525305410122 0.028993746446845 0.009598603839442
10 0.193291642978965 0.513961605584642 0.007959067652075 0.008726003490401
10 0.293632745878340 0.514397905759162 0.023308698123934 0.009598603839442
10 0.330585559977260 0.513961605584642 0.009664582148948 0.008726003490401
10 0.384025014212621 0.513961605584642 0.028993746446845 0.008726003490401
10 0.430926662876634 0.513961605584642 0.023877202956225 0.008726003490401
10 0.467026719727118 0.514397905759162 0.007390562819784 0.009598603839442
10 0.520750426378624 0.514397905759162 0.030699260943718 0.009598603839442
10 0.567936327458783 0.515270506108202 0.023877202956225 0.009598603839442
10 0.604036384309267 0.514834205933682 0.008527572484366 0.008726003490401
10 0.658044343376919 0.514834205933682 0.030130756111427 0.008726003490401
10 0.705514496873223 0.514834205933682 0.023877202956225 0.008726003490401
10 0.795906765207504 0.514834205933682 0.029562251279136 0.008726003490401
10 0.742183058555998 0.515706806282722 0.008527572484366 0.008726003490401
10 0.842524161455372 0.515706806282722 0.023877202956225 0.008726003490401
10 0.878339965889710 0.515706806282722 0.007959067652075 0.008726003490401
10 0.933200682205799 0.515706806282722 0.028993746446845 0.008726003490401
10 0.979818078453667 0.515706806282722 0.022171688459352 0.008726003490401
10 0.018760659465605 0.531849912739965 0.022740193291643 0.007853403141361
10 0.055713473564525 0.531413612565445 0.009096077316657 0.008726003490401
10 0.109152927799886 0.531413612565445 0.028425241614554 0.008726003490401
10 0.156338828880045 0.532286212914485 0.023877202956225 0.008726003490401
10 0.193291642978965 0.532286212914485 0.007959067652075 0.008726003490401
10 0.247015349630472 0.531849912739965 0.028993746446845 0.009598603839442
10 0.293348493462194 0.532286212914485 0.022740193291643 0.008726003490401
10 0.330585559977260 0.532286212914485 0.008527572484366 0.008726003490401
10 0.384309266628766 0.532286212914485 0.028425241614554 0.008726003490401
10 0.430926662876634 0.532286212914485 0.023877202956225 0.008726003490401
10 0.467595224559409 0.533158813263525 0.007390562819784 0.008726003490401
10 0.521318931210915 0.533158813263525 0.028425241614554 0.008726003490401
10 0.567652075042638 0.533158813263525 0.023308698123934 0.008726003490401
10 0.604036384309267 0.533595113438045 0.008527572484366 0.009598603839442
10 0.658612848209210 0.533158813263525 0.028993746446845 0.008726003490401
10 0.705230244457078 0.533158813263525 0.023308698123934 0.008726003490401
10 0.741898806139852 0.534031413612565 0.007959067652075 0.008726003490401
10 0.795338260375213 0.533595113438045 0.029562251279136 0.009598603839442
10 0.842239909039227 0.534031413612565 0.023308698123934 0.008726003490401
10 0.878908470722001 0.534031413612565 0.007959067652075 0.008726003490401
10 0.933200682205799 0.534031413612565 0.027856736782263 0.008726003490401
10 0.979533826037521 0.534467713787085 0.022740193291643 0.007853403141361
10 0.108584422967595 0.550174520069808 0.028425241614554 0.009598603839442
10 0.018760659465605 0.550610820244328 0.022740193291643 0.008726003490401
10 0.055713473564525 0.550610820244328 0.009096077316657 0.008726003490401
10 0.156338828880045 0.551047120418848 0.023877202956225 0.009598603839442
10 0.192723138146674 0.551047120418848 0.006822057987493 0.007853403141361
10 0.246731097214326 0.551047120418848 0.029562251279136 0.009598603839442
10 0.293632745878340 0.551483420593368 0.022171688459352 0.008726003490401
10 0.329732802728823 0.551483420593368 0.007959067652075 0.008726003490401
10 0.383456509380330 0.551483420593368 0.028993746446845 0.008726003490401
10 0.430642410460489 0.551483420593368 0.023308698123934 0.008726003490401
10 0.467026719727118 0.551483420593368 0.007390562819784 0.008726003490401
10 0.521318931210915 0.551919720767888 0.028425241614554 0.009598603839442
10 0.567652075042638 0.551919720767888 0.023308698123934 0.009598603839442
10 0.604036384309267 0.551919720767888 0.008527572484366 0.009598603839442
10 0.658044343376919 0.551919720767888 0.028993746446845 0.009598603839442
10 0.705514496873223 0.552356020942408 0.022740193291643 0.008726003490401
10 0.742467310972143 0.552792321116928 0.007959067652075 0.009598603839442
10 0.795906765207504 0.552792321116928 0.027288231949972 0.009598603839442
10 0.841955656623081 0.552792321116928 0.023877202956225 0.009598603839442
10 0.879192723138147 0.553228621291449 0.008527572484366 0.008726003490401
10 0.932632177373508 0.552792321116928 0.028993746446845 0.009598603839442
10 0.979818078453667 0.552792321116928 0.022171688459352 0.009598603839442
10 0.055429221148380 0.569371727748691 0.008527572484366 0.009598603839442
10 0.108868675383741 0.569371727748691 0.027856736782263 0.009598603839442
10 0.018476407049460 0.569808027923211 0.022171688459352 0.008726003490401
10 0.156054576463900 0.569808027923211 0.023308698123934 0.008726003490401
10 0.192723138146674 0.569808027923211 0.006822057987493 0.008726003490401
10 0.246446844798181 0.569808027923211 0.028993746446845 0.008726003490401
10 0.293348493462194 0.570680628272251 0.022740193291643 0.008726003490401
10 0.330017055144969 0.570680628272251 0.008527572484366 0.008726003490401
10 0.383456509380330 0.570244328097731 0.028993746446845 0.009598603839442
10 0.430642410460489 0.570244328097731 0.023308698123934 0.009598603839442
10 0.466742467310972 0.569808027923211 0.006822057987493 0.008726003490401
10 0.521034678794770 0.570680628272251 0.028993746446845 0.008726003490401
10 0.567652075042638 0.571116928446771 0.023308698123934 0.009598603839442
10 0.604036384309267 0.571116928446771 0.008527572484366 0.009598603839442
10 0.658044343376919 0.570680628272251 0.028993746446845 0.008726003490401
10 0.705230244457078 0.571116928446771 0.023308698123934 0.009598603839442
10 0.742467310972143 0.571116928446771 0.009096077316657 0.009598603839442
10 0.795622512791359 0.571116928446771 0.028993746446845 0.009598603839442
10 0.841955656623081 0.571553228621291 0.022740193291643 0.008726003490401
10 0.878055713473564 0.572425828970332 0.007390562819784 0.008726003490401
10 0.932632177373508 0.571553228621291 0.027856736782263 0.008726003490401
10 0.979533826037521 0.572425828970332 0.021603183627061 0.008726003490401
10 0.018760659465605 0.588132635253054 0.022740193291643 0.008726003490401
10 0.055429221148380 0.588132635253054 0.008527572484366 0.008726003490401
10 0.108868675383741 0.587696335078534 0.028993746446845 0.009598603839442
10 0.156054576463900 0.588132635253054 0.023308698123934 0.008726003490401
10 0.245878339965890 0.588568935427574 0.028993746446845 0.009598603839442
10 0.192723138146674 0.589005235602094 0.006822057987493 0.008726003490401
10 0.293348493462194 0.589005235602094 0.022740193291643 0.008726003490401
10 0.329732802728823 0.589005235602094 0.007959067652075 0.008726003490401
10 0.383172256964184 0.589005235602094 0.028425241614554 0.008726003490401
10 0.430358158044343 0.589005235602094 0.022740193291643 0.008726003490401
10 0.467026719727118 0.589005235602094 0.007390562819784 0.008726003490401
10 0.520750426378624 0.589441535776614 0.028425241614554 0.009598603839442
10 0.567652075042638 0.589441535776614 0.022171688459352 0.009598603839442
10 0.603467879476976 0.589877835951134 0.007390562819784 0.008726003490401
10 0.658044343376919 0.589877835951134 0.028993746446845 0.008726003490401
10 0.705230244457078 0.589877835951134 0.023308698123934 0.008726003490401
10 0.795622512791359 0.590314136125654 0.027856736782263 0.009598603839442
10 0.742183058555998 0.590750436300175 0.008527572484366 0.008726003490401
10 0.841955656623081 0.590750436300175 0.022740193291643 0.008726003490401
10 0.878339965889710 0.590750436300175 0.007959067652075 0.008726003490401
10 0.932632177373508 0.590750436300175 0.028993746446845 0.008726003490401
10 0.979533826037521 0.591186736474695 0.022740193291643 0.009598603839442
10 0.018760659465605 0.607329842931937 0.022740193291643 0.008726003490401
10 0.055144968732234 0.606457242582897 0.007959067652075 0.008726003490401
10 0.108584422967595 0.606893542757417 0.028425241614554 0.009598603839442
10 0.156054576463900 0.607329842931937 0.023308698123934 0.008726003490401
10 0.192723138146674 0.607329842931937 0.007959067652075 0.008726003490401
10 0.246162592382035 0.607766143106457 0.028425241614554 0.009598603839442
10 0.293632745878340 0.607766143106457 0.023308698123934 0.009598603839442
10 0.382888004548039 0.607766143106457 0.028993746446845 0.009598603839442
10 0.330585559977260 0.608202443280977 0.008527572484366 0.008726003490401
10 0.430358158044343 0.608202443280977 0.022740193291643 0.008726003490401
10 0.466742467310972 0.608202443280977 0.006822057987493 0.008726003490401
10 0.520750426378624 0.608202443280977 0.027288231949972 0.008726003490401
10 0.567936327458783 0.608202443280977 0.022740193291643 0.008726003490401
10 0.604320636725412 0.609075043630017 0.009096077316657 0.008726003490401
10 0.657475838544628 0.608638743455497 0.030130756111427 0.009598603839442
10 0.705230244457078 0.609075043630017 0.023308698123934 0.008726003490401
10 0.742183058555998 0.609075043630017 0.008527572484366 0.008726003490401
10 0.795906765207504 0.609075043630017 0.027288231949972 0.008726003490401
10 0.841671404206936 0.609511343804538 0.022171688459352 0.007853403141361
10 0.878624218305856 0.609511343804538 0.008527572484366 0.007853403141361
10 0.932347924957362 0.609511343804538 0.027288231949972 0.007853403141361
10 0.979533826037521 0.609947643979058 0.021603183627061 0.008726003490401
10 0.018476407049460 0.626090750436300 0.022171688459352 0.007853403141361
10 0.055429221148380 0.625654450261780 0.008527572484366 0.008726003490401
10 0.108868675383741 0.625654450261780 0.028993746446845 0.008726003490401
10 0.156338828880045 0.626527050610820 0.022740193291643 0.008726003490401
10 0.192438885730529 0.626090750436300 0.007390562819784 0.007853403141361
10 0.246446844798181 0.626527050610820 0.027856736782263 0.008726003490401
10 0.293632745878340 0.626527050610820 0.023308698123934 0.008726003490401
10 0.330301307561114 0.626527050610820 0.007959067652075 0.008726003490401
10 0.382888004548039 0.626527050610820 0.028993746446845 0.008726003490401
10 0.430358158044343 0.626527050610820 0.022740193291643 0.008726003490401
10 0.466458214894827 0.626527050610820 0.007390562819784 0.008726003490401
10 0.520466173962479 0.626963350785340 0.028993746446845 0.009598603839442
10 0.567652075042638 0.627399650959860 0.023308698123934 0.008726003490401
10 0.604036384309267 0.627835951134380 0.008527572484366 0.009598603839442
10 0.658044343376919 0.627399650959860 0.027856736782263 0.008726003490401
10 0.705230244457078 0.627835951134380 0.023308698123934 0.009598603839442
10 0.741614553723707 0.628272251308901 0.008527572484366 0.008726003490401
10 0.795054007959068 0.627835951134380 0.027856736782263 0.009598603839442
10 0.841387151790790 0.628272251308901 0.022740193291643 0.008726003490401
10 0.878339965889710 0.628272251308901 0.007959067652075 0.008726003490401
10 0.932632177373508 0.628272251308901 0.026719727117680 0.008726003490401
10 0.979533826037521 0.629144851657941 0.021603183627061 0.008726003490401
10 0.055429221148380 0.643979057591623 0.008527572484366 0.008726003490401
10 0.018760659465605 0.644851657940663 0.022740193291643 0.008726003490401
10 0.108868675383741 0.644415357766143 0.027856736782263 0.007853403141361
10 0.155770324047754 0.644851657940663 0.022740193291643 0.008726003490401
10 0.191870380898238 0.644851657940663 0.007390562819784 0.008726003490401
10 0.246162592382035 0.644851657940663 0.027288231949972 0.008726003490401
10 0.293064241046049 0.645287958115183 0.023308698123934 0.009598603839442
10 0.330301307561114 0.645724258289703 0.007959067652075 0.008726003490401
10 0.383456509380330 0.645724258289703 0.027856736782263 0.008726003490401
10 0.430073905628198 0.645724258289703 0.023308698123934 0.008726003490401
10 0.466173962478681 0.645724258289703 0.006822057987493 0.008726003490401
10 0.520750426378624 0.645724258289703 0.028425241614554 0.008726003490401
10 0.567652075042638 0.645724258289703 0.023308698123934 0.008726003490401
10 0.657760090960773 0.646160558464223 0.028425241614554 0.009598603839442
10 0.704945992040932 0.646160558464223 0.022740193291643 0.009598603839442
10 0.603752131893121 0.646596858638743 0.007959067652075 0.008726003490401
10 0.742183058555998 0.647469458987784 0.009664582148948 0.008726003490401
10 0.795338260375213 0.647033158813264 0.027288231949972 0.009598603839442
10 0.841671404206936 0.646596858638743 0.022171688459352 0.008726003490401
10 0.878339965889710 0.647033158813264 0.006822057987493 0.009598603839442
10 0.932347924957362 0.647469458987784 0.027288231949972 0.008726003490401
10 0.979249573621376 0.647905759162304 0.022171688459352 0.007853403141361
10 0.055144968732234 0.663176265270506 0.007959067652075 0.008726003490401
10 0.109152927799886 0.663176265270506 0.028425241614554 0.008726003490401
10 0.018760659465605 0.663612565445026 0.022740193291643 0.007853403141361
10 0.156054576463900 0.664048865619546 0.022171688459352 0.008726003490401
10 0.191870380898238 0.664048865619546 0.007390562819784 0.008726003490401
10 0.246162592382035 0.664048865619546 0.027288231949972 0.008726003490401
10 0.293348493462194 0.664048865619546 0.023877202956225 0.008726003490401
10 0.330301307561114 0.664048865619546 0.007959067652075 0.008726003490401
10 0.382888004548039 0.664048865619546 0.028993746446845 0.008726003490401
10 0.429789653212052 0.664048865619546 0.022740193291643 0.008726003490401
10 0.465889710062536 0.664921465968586 0.006253553155202 0.008726003490401
10 0.520750426378624 0.664921465968586 0.028425241614554 0.008726003490401
10 0.567936327458783 0.664485165794066 0.022740193291643 0.007853403141361
10 0.603752131893121 0.664921465968586 0.007959067652075 0.008726003490401
10 0.657475838544628 0.664921465968586 0.028993746446845 0.008726003490401
10 0.704945992040932 0.664921465968586 0.022740193291643 0.008726003490401
10 0.741614553723707 0.665794066317626 0.009664582148948 0.008726003490401
10 0.794769755542922 0.665794066317626 0.028425241614554 0.008726003490401
10 0.841671404206936 0.665794066317626 0.022171688459352 0.008726003490401
10 0.878339965889710 0.665357766143106 0.006822057987493 0.007853403141361
10 0.932347924957362 0.665794066317626 0.027288231949972 0.008726003490401
10 0.979249573621376 0.666230366492147 0.022171688459352 0.007853403141361
10 0.018476407049460 0.682373472949389 0.023308698123934 0.008726003490401
10 0.054860716316089 0.681937172774869 0.007390562819784 0.007853403141361
10 0.108868675383741 0.682373472949389 0.028993746446845 0.008726003490401
10 0.155770324047754 0.682373472949389 0.022740193291643 0.008726003490401
10 0.192154633314383 0.682373472949389 0.007959067652075 0.008726003490401
10 0.245878339965890 0.682809773123909 0.026719727117680 0.009598603839442
10 0.329732802728823 0.682373472949389 0.007959067652075 0.008726003490401
10 0.382319499715748 0.682809773123909 0.030130756111427 0.009598603839442
10 0.293348493462194 0.683246073298429 0.023877202956225 0.008726003490401
10 0.430073905628198 0.683246073298429 0.023308698123934 0.008726003490401
10 0.466173962478681 0.683246073298429 0.007959067652075 0.008726003490401
10 0.521318931210915 0.683246073298429 0.026151222285389 0.008726003490401
10 0.567936327458783 0.683246073298429 0.022740193291643 0.008726003490401
10 0.603467879476976 0.684118673647469 0.007390562819784 0.008726003490401
10 0.657475838544628 0.683682373472949 0.028993746446845 0.009598603839442
10 0.704661739624787 0.683682373472949 0.022171688459352 0.007853403141361
10 0.741614553723707 0.684118673647469 0.008527572484366 0.008726003490401
10 0.795338260375213 0.684118673647469 0.027288231949972 0.008726003490401
10 0.841955656623081 0.684118673647469 0.022740193291643 0.008726003490401
10 0.878908470722001 0.684554973821989 0.007959067652075 0.007853403141361
10 0.932063672541217 0.684554973821989 0.027856736782263 0.007853403141361
10 0.979249573621376 0.684991273996510 0.022171688459352 0.008726003490401
10 0.018192154633314 0.701134380453752 0.022740193291643 0.007853403141361
10 0.055429221148380 0.700261780104712 0.008527572484366 0.007853403141361
10 0.108584422967595 0.700698080279232 0.028425241614554 0.008726003490401
10 0.155770324047754 0.701134380453752 0.022740193291643 0.009598603839442
10 0.192154633314383 0.701134380453752 0.007959067652075 0.009598603839442
10 0.246162592382035 0.701134380453752 0.026151222285389 0.009598603839442
10 0.293064241046049 0.701570680628272 0.024445707788516 0.008726003490401
10 0.330017055144969 0.701570680628272 0.008527572484366 0.008726003490401
10 0.382888004548039 0.701570680628272 0.028993746446845 0.008726003490401
10 0.430073905628198 0.702006980802792 0.023308698123934 0.009598603839442
10 0.466458214894827 0.701570680628272 0.008527572484366 0.008726003490401
10 0.520750426378624 0.702443280977312 0.027288231949972 0.008726003490401
10 0.567936327458783 0.702443280977312 0.022740193291643 0.008726003490401
10 0.603752131893121 0.702879581151832 0.007959067652075 0.009598603839442
10 0.657475838544628 0.702443280977312 0.027856736782263 0.008726003490401
10 0.704945992040932 0.702443280977312 0.022740193291643 0.008726003490401
10 0.741898806139852 0.702879581151832 0.009096077316657 0.009598603839442
10 0.795906765207504 0.702879581151832 0.027288231949972 0.009598603839442
10 0.841671404206936 0.703315881326352 0.022171688459352 0.008726003490401
10 0.879192723138147 0.702879581151832 0.008527572484366 0.007853403141361
10 0.932632177373508 0.703315881326352 0.026719727117680 0.008726003490401
10 0.979249573621376 0.703752181500873 0.022171688459352 0.007853403141361
10 0.018476407049460 0.719895287958115 0.023308698123934 0.008726003490401
10 0.055144968732234 0.719895287958115 0.007959067652075 0.008726003490401
10 0.109152927799886 0.719895287958115 0.028425241614554 0.008726003490401
10 0.156054576463900 0.719895287958115 0.022171688459352 0.008726003490401
10 0.192154633314383 0.719895287958115 0.007959067652075 0.008726003490401
10 0.245878339965890 0.720331588132635 0.026719727117680 0.009598603839442
10 0.293064241046049 0.720767888307155 0.023308698123934 0.008726003490401
10 0.329732802728823 0.720331588132635 0.007959067652075 0.007853403141361
10 0.382603752131893 0.720767888307155 0.028425241614554 0.008726003490401
10 0.430073905628198 0.720767888307155 0.023308698123934 0.008726003490401
10 0.466458214894827 0.720767888307155 0.007390562819784 0.008726003490401
10 0.520466173962479 0.720767888307155 0.027856736782263 0.008726003490401
10 0.704377487208641 0.721204188481675 0.022740193291643 0.009598603839442
10 0.567652075042638 0.721640488656195 0.023308698123934 0.008726003490401
10 0.604036384309267 0.721640488656195 0.008527572484366 0.008726003490401
10 0.657475838544628 0.721640488656195 0.027856736782263 0.008726003490401
10 0.741898806139852 0.722076788830716 0.010233086981239 0.007853403141361
10 0.795338260375213 0.721640488656195 0.027288231949972 0.008726003490401
10 0.841955656623081 0.722513089005236 0.022740193291643 0.008726003490401
10 0.878055713473564 0.722076788830716 0.007390562819784 0.009598603839442
10 0.932063672541217 0.722513089005236 0.028993746446845 0.008726003490401
10 0.978965321205230 0.722513089005236 0.022740193291643 0.008726003490401
10 0.018192154633314 0.739092495636998 0.023877202956225 0.008726003490401
10 0.054576463899943 0.738656195462478 0.006822057987493 0.007853403141361
10 0.108584422967595 0.739092495636998 0.028425241614554 0.008726003490401
10 0.155770324047754 0.739528795811518 0.022740193291643 0.009598603839442
10 0.192154633314383 0.739528795811518 0.009096077316657 0.009598603839442
10 0.246162592382035 0.739092495636998 0.026151222285389 0.008726003490401
10 0.292779988629903 0.739965095986038 0.023877202956225 0.008726003490401
10 0.330017055144969 0.739528795811518 0.008527572484366 0.007853403141361
10 0.382603752131893 0.739965095986038 0.028425241614554 0.008726003490401
10 0.429789653212052 0.739965095986038 0.023877202956225 0.008726003490401
10 0.466173962478681 0.739965095986038 0.007959067652075 0.008726003490401
10 0.520750426378624 0.740401396160558 0.027288231949972 0.009598603839442
10 0.657760090960773 0.740401396160558 0.028425241614554 0.009598603839442
10 0.567936327458783 0.740401396160558 0.023877202956225 0.007853403141361
10 0.604604889141558 0.740837696335079 0.009664582148948 0.008726003490401
10 0.704661739624787 0.740837696335079 0.023308698123934 0.008726003490401
10 0.741330301307561 0.741273996509599 0.009096077316657 0.007853403141361
10 0.795338260375213 0.740837696335079 0.027288231949972 0.008726003490401
10 0.841955656623081 0.740837696335079 0.022740193291643 0.008726003490401
10 0.878624218305856 0.740837696335079 0.008527572484366 0.008726003490401
10 0.932063672541217 0.740837696335079 0.028993746446845 0.008726003490401
10 0.979249573621376 0.741273996509599 0.023308698123934 0.009598603839442
10 0.109152927799886 0.757853403141361 0.028425241614554 0.009598603839442
10 0.155770324047754 0.758289703315881 0.022740193291643 0.010471204188482
10 0.018192154633314 0.758289703315881 0.023877202956225 0.008726003490401
10 0.054576463899943 0.757853403141361 0.006822057987493 0.007853403141361
10 0.192723138146674 0.758289703315881 0.010233086981239 0.008726003490401
10 0.246162592382035 0.758289703315881 0.026151222285389 0.008726003490401
10 0.292779988629903 0.758289703315881 0.023877202956225 0.008726003490401
10 0.329732802728823 0.758726003490401 0.009096077316657 0.009598603839442
10 0.382319499715748 0.758726003490401 0.030130756111427 0.009598603839442
10 0.429789653212052 0.759162303664921 0.023877202956225 0.008726003490401
10 0.466742467310972 0.759162303664921 0.009096077316657 0.008726003490401
10 0.520466173962479 0.759162303664921 0.027856736782263 0.008726003490401
10 0.567936327458783 0.759162303664921 0.023877202956225 0.008726003490401
10 0.657760090960773 0.759598603839442 0.028425241614554 0.009598603839442
10 0.704661739624787 0.759162303664921 0.023308698123934 0.008726003490401
10 0.603752131893121 0.760034904013962 0.009096077316657 0.008726003490401
10 0.742183058555998 0.760034904013962 0.010801591813530 0.008726003490401
10 0.794769755542922 0.760034904013962 0.028425241614554 0.008726003490401
10 0.841671404206936 0.760034904013962 0.023308698123934 0.008726003490401
10 0.878339965889710 0.760034904013962 0.007959067652075 0.008726003490401
10 0.931779420125071 0.760471204188482 0.028425241614554 0.007853403141361
10 0.978681068789085 0.760471204188482 0.023308698123934 0.007853403141361
10 0.017907902217169 0.777050610820244 0.024445707788516 0.007853403141361
10 0.055144968732234 0.777486910994764 0.007959067652075 0.008726003490401
10 0.108584422967595 0.777050610820244 0.029562251279136 0.007853403141361
10 0.155770324047754 0.777486910994764 0.022740193291643 0.008726003490401
10 0.192154633314383 0.777050610820244 0.010233086981239 0.007853403141361
10 0.246162592382035 0.777486910994764 0.025014212620807 0.008726003490401
10 0.293064241046049 0.777486910994764 0.024445707788516 0.008726003490401
10 0.329732802728823 0.777923211169284 0.007959067652075 0.007853403141361
10 0.382319499715748 0.777923211169284 0.028993746446845 0.009598603839442
10 0.429789653212052 0.778359511343805 0.023877202956225 0.008726003490401
10 0.466742467310972 0.778359511343805 0.009096077316657 0.008726003490401
10 0.520750426378624 0.778359511343805 0.028425241614554 0.008726003490401
10 0.567652075042638 0.778359511343805 0.023308698123934 0.008726003490401
10 0.603752131893121 0.778359511343805 0.009096077316657 0.008726003490401
10 0.657191586128482 0.778795811518325 0.028425241614554 0.009598603839442
10 0.704377487208641 0.778359511343805 0.023877202956225 0.008726003490401
10 0.741330301307561 0.778795811518325 0.010233086981239 0.009598603839442
10 0.794769755542922 0.779232111692845 0.028425241614554 0.008726003490401
10 0.841671404206936 0.779232111692845 0.023308698123934 0.008726003490401
10 0.878339965889710 0.779232111692845 0.009096077316657 0.008726003490401
10 0.932063672541217 0.779232111692845 0.027856736782263 0.008726003490401
10 0.978965321205230 0.779668411867365 0.022740193291643 0.007853403141361
10 0.108868675383741 0.795811518324607 0.028993746446845 0.008726003490401
10 0.155486071631609 0.795811518324607 0.023308698123934 0.008726003490401
10 0.017907902217169 0.796247818499127 0.024445707788516 0.007853403141361
10 0.054576463899943 0.796247818499127 0.006822057987493 0.007853403141361
10 0.192154633314383 0.796684118673648 0.010233086981239 0.008726003490401
10 0.245594087549744 0.796684118673648 0.026151222285389 0.008726003490401
10 0.292779988629903 0.796684118673648 0.025014212620807 0.008726003490401
10 0.329732802728823 0.796684118673648 0.009096077316657 0.008726003490401
10 0.382603752131893 0.796684118673648 0.028425241614554 0.008726003490401
10 0.429505400795907 0.797556719022688 0.023308698123934 0.008726003490401
10 0.465889710062536 0.796684118673648 0.009664582148948 0.008726003490401
10 0.520466173962479 0.797556719022688 0.027856736782263 0.008726003490401
10 0.567936327458783 0.797120418848168 0.023877202956225 0.009598603839442
10 0.603752131893121 0.797556719022688 0.010233086981239 0.008726003490401
10 0.657191586128482 0.797120418848168 0.028425241614554 0.009598603839442
10 0.704377487208641 0.797120418848168 0.023877202956225 0.009598603839442
10 0.740477544059124 0.797993019197208 0.009664582148948 0.009598603839442
10 0.794769755542922 0.797993019197208 0.029562251279136 0.009598603839442
10 0.841387151790790 0.798429319371728 0.023877202956225 0.008726003490401
10 0.878624218305856 0.798429319371728 0.008527572484366 0.008726003490401
10 0.931495167708925 0.798429319371728 0.028993746446845 0.008726003490401
10 0.978965321205230 0.798865619546248 0.023877202956225 0.009598603839442
10 0.017623649801023 0.815008726003490 0.025014212620807 0.008726003490401
10 0.055144968732234 0.815008726003490 0.007959067652075 0.008726003490401
10 0.108868675383741 0.815008726003490 0.028993746446845 0.008726003490401
10 0.192154633314383 0.815445026178011 0.011370096645821 0.009598603839442
10 0.155201819215463 0.815445026178011 0.022740193291643 0.007853403141361
10 0.245025582717453 0.815881326352531 0.027288231949972 0.008726003490401
10 0.293064241046049 0.815881326352531 0.025582717453098 0.008726003490401
10 0.329732802728823 0.816317626527051 0.009096077316657 0.007853403141361
10 0.382035247299602 0.815881326352531 0.029562251279136 0.008726003490401
10 0.429789653212052 0.815881326352531 0.023877202956225 0.008726003490401
10 0.466458214894827 0.816317626527051 0.010801591813530 0.009598603839442
10 0.520181921546333 0.816317626527051 0.029562251279136 0.009598603839442
10 0.567936327458783 0.816317626527051 0.023877202956225 0.009598603839442
10 0.603467879476976 0.816753926701571 0.009664582148948 0.008726003490401
10 0.656907333712337 0.816317626527051 0.028993746446845 0.009598603839442
10 0.704377487208641 0.816753926701571 0.023877202956225 0.008726003490401
10 0.740761796475270 0.816753926701571 0.010233086981239 0.008726003490401
10 0.794485503126777 0.816753926701571 0.030130756111427 0.008726003490401
10 0.841955656623081 0.816753926701571 0.023877202956225 0.008726003490401
10 0.931210915292780 0.817190226876091 0.029562251279136 0.009598603839442
10 0.878339965889710 0.817190226876091 0.009096077316657 0.007853403141361
10 0.978965321205230 0.817626527050611 0.023877202956225 0.008726003490401
10 0.018192154633314 0.834205933682374 0.025014212620807 0.008726003490401
10 0.055144968732234 0.834205933682374 0.007959067652075 0.008726003490401
10 0.109152927799886 0.833769633507853 0.029562251279136 0.009598603839442
10 0.155201819215463 0.834205933682374 0.022740193291643 0.008726003490401
10 0.192154633314383 0.834642233856894 0.011370096645821 0.009598603839442
10 0.245309835133599 0.834205933682374 0.026719727117680 0.008726003490401
10 0.329448550312678 0.834642233856894 0.008527572484366 0.009598603839442
10 0.292779988629903 0.834642233856894 0.025014212620807 0.007853403141361
10 0.382319499715748 0.835078534031414 0.028993746446845 0.008726003490401
10 0.429789653212052 0.835078534031414 0.023877202956225 0.008726003490401
10 0.466173962478681 0.835078534031414 0.010233086981239 0.008726003490401
10 0.520181921546333 0.835514834205934 0.029562251279136 0.009598603839442
10 0.567367822626492 0.835078534031414 0.023877202956225 0.008726003490401
10 0.603467879476976 0.835951134380454 0.009664582148948 0.008726003490401
10 0.656907333712337 0.835951134380454 0.028993746446845 0.008726003490401
10 0.704093234792496 0.835514834205934 0.023308698123934 0.009598603839442
10 0.740477544059124 0.835951134380454 0.009664582148948 0.008726003490401
10 0.794769755542922 0.835951134380454 0.029562251279136 0.008726003490401
10 0.841387151790790 0.836387434554974 0.023877202956225 0.007853403141361
10 0.877202956225128 0.836387434554974 0.007959067652075 0.007853403141361
10 0.930926662876635 0.836823734729494 0.030130756111427 0.008726003490401
10 0.978965321205230 0.836823734729494 0.023877202956225 0.008726003490401
10 0.017907902217169 0.852966841186736 0.025582717453098 0.007853403141361
10 0.055429221148380 0.853403141361257 0.008527572484366 0.008726003490401
10 0.108584422967595 0.853403141361257 0.030699260943718 0.008726003490401
10 0.155486071631609 0.853403141361257 0.023308698123934 0.008726003490401
10 0.191586128482092 0.853403141361257 0.011370096645821 0.008726003490401
10 0.245309835133599 0.853839441535777 0.027856736782263 0.007853403141361
10 0.292495736213758 0.853839441535777 0.025582717453098 0.007853403141361
10 0.329732802728823 0.854275741710297 0.009096077316657 0.008726003490401
10 0.382603752131893 0.854275741710297 0.029562251279136 0.008726003490401
10 0.429789653212052 0.854275741710297 0.023877202956225 0.008726003490401
10 0.465605457646390 0.854275741710297 0.010233086981239 0.008726003490401
10 0.519897669130188 0.854712041884817 0.030130756111427 0.009598603839442
10 0.567367822626492 0.854712041884817 0.023877202956225 0.009598603839442
10 0.603467879476976 0.854275741710297 0.010801591813530 0.008726003490401
10 0.656907333712337 0.854712041884817 0.028993746446845 0.009598603839442
10 0.704093234792496 0.854712041884817 0.024445707788516 0.009598603839442
10 0.740761796475270 0.855148342059337 0.010233086981239 0.008726003490401
10 0.794201250710631 0.855148342059337 0.030699260943718 0.008726003490401
10 0.841671404206936 0.855148342059337 0.024445707788516 0.008726003490401
10 0.930926662876635 0.855148342059337 0.030130756111427 0.008726003490401
10 0.978965321205230 0.855584642233857 0.023877202956225 0.009598603839442
10 0.877771461057419 0.855584642233857 0.007959067652075 0.007853403141361
10 0.017907902217169 0.871727748691099 0.025582717453098 0.008726003490401
10 0.055144968732234 0.872600349040140 0.007959067652075 0.008726003490401
10 0.108584422967595 0.872600349040140 0.030699260943718 0.008726003490401
10 0.155201819215463 0.872164048865620 0.023877202956225 0.007853403141361
10 0.191586128482092 0.871727748691099 0.012507106310404 0.008726003490401
10 0.245025582717453 0.872164048865620 0.027288231949972 0.007853403141361
10 0.292779988629903 0.872600349040140 0.026151222285389 0.008726003490401
10 0.381750994883456 0.872600349040140 0.031267765776009 0.008726003490401
10 0.465889710062536 0.872600349040140 0.010801591813530 0.008726003490401
10 0.329448550312678 0.873036649214660 0.008527572484366 0.007853403141361
10 0.429789653212052 0.873036649214660 0.023877202956225 0.007853403141361
10 0.520181921546333 0.873472949389180 0.030699260943718 0.008726003490401
10 0.567652075042638 0.873472949389180 0.024445707788516 0.008726003490401
10 0.603467879476976 0.873472949389180 0.010801591813530 0.008726003490401
10 0.656623081296191 0.873472949389180 0.029562251279136 0.008726003490401
10 0.704377487208641 0.873472949389180 0.025014212620807 0.008726003490401
10 0.740477544059124 0.874345549738220 0.010801591813530 0.008726003490401
10 0.794485503126777 0.874345549738220 0.031267765776009 0.008726003490401
10 0.841671404206936 0.874345549738220 0.024445707788516 0.008726003490401
10 0.877487208641273 0.874345549738220 0.008527572484366 0.008726003490401
10 0.930926662876635 0.874345549738220 0.030130756111427 0.008726003490401
10 0.978396816372939 0.874345549738220 0.025014212620807 0.008726003490401
10 0.017623649801023 0.890924956369983 0.026151222285389 0.008726003490401
10 0.055144968732234 0.891361256544503 0.007959067652075 0.007853403141361
10 0.109437180216032 0.890924956369983 0.030130756111427 0.008726003490401
10 0.155201819215463 0.891361256544503 0.022740193291643 0.007853403141361
10 0.191301876065947 0.891361256544503 0.011938601478113 0.007853403141361
10 0.244741330301308 0.891797556719023 0.027856736782263 0.008726003490401
10 0.292495736213758 0.891797556719023 0.026719727117680 0.008726003490401
10 0.381750994883456 0.891797556719023 0.031267765776009 0.008726003490401
10 0.429505400795907 0.891797556719023 0.024445707788516 0.008726003490401
10 0.465889710062536 0.891797556719023 0.010801591813530 0.008726003490401
10 0.329732802728823 0.892233856893543 0.009096077316657 0.007853403141361
10 0.520466173962479 0.892670157068063 0.030130756111427 0.008726003490401
10 0.567367822626492 0.892670157068063 0.025014212620807 0.008726003490401
10 0.603467879476976 0.892670157068063 0.011938601478113 0.008726003490401
10 0.657191586128482 0.892670157068063 0.029562251279136 0.008726003490401
10 0.704377487208641 0.892670157068063 0.025014212620807 0.008726003490401
10 0.740477544059124 0.893106457242583 0.011938601478113 0.007853403141361
10 0.794485503126777 0.892670157068063 0.032404775440591 0.008726003490401
10 0.841671404206936 0.892670157068063 0.024445707788516 0.008726003490401
10 0.876634451392837 0.893106457242583 0.007959067652075 0.007853403141361
10 0.930642410460489 0.893542757417103 0.030699260943718 0.008726003490401
10 0.978681068789085 0.893542757417103 0.024445707788516 0.008726003490401
10 0.017907902217169 0.910122164048866 0.025582717453098 0.008726003490401
10 0.054860716316089 0.909685863874346 0.008527572484366 0.007853403141361
10 0.109152927799886 0.910558464223386 0.030699260943718 0.007853403141361
10 0.155201819215463 0.910558464223386 0.022740193291643 0.007853403141361
10 0.191870380898238 0.910558464223386 0.014212620807277 0.007853403141361
10 0.244457077885162 0.910558464223386 0.028425241614554 0.007853403141361
10 0.292779988629903 0.910994764397906 0.027288231949972 0.008726003490401
10 0.329164297896532 0.910558464223386 0.009096077316657 0.007853403141361
10 0.381750994883456 0.910994764397906 0.031267765776009 0.008726003490401
10 0.429505400795907 0.910994764397906 0.024445707788516 0.008726003490401
10 0.519897669130188 0.910994764397906 0.031267765776009 0.008726003490401
10 0.465605457646390 0.911431064572426 0.011370096645821 0.007853403141361
10 0.567367822626492 0.911867364746946 0.025014212620807 0.008726003490401
10 0.603183627060830 0.911431064572426 0.011370096645821 0.007853403141361
10 0.656338828880045 0.911867364746946 0.031267765776009 0.008726003490401
10 0.704093234792496 0.911867364746946 0.024445707788516 0.008726003490401
10 0.739909039226833 0.911867364746946 0.010801591813530 0.008726003490401
10 0.793916998294485 0.911867364746946 0.033541785105173 0.008726003490401
10 0.841955656623081 0.911867364746946 0.025014212620807 0.008726003490401
10 0.877202956225128 0.912303664921466 0.009096077316657 0.007853403141361
10 0.930358158044343 0.912303664921466 0.031267765776009 0.007853403141361
10 0.978396816372939 0.912303664921466 0.025014212620807 0.007853403141361
10 0.017623649801023 0.928446771378709 0.026151222285389 0.006980802792321
10 0.055144968732234 0.928883071553229 0.009096077316657 0.006108202443281
10 0.108300170551450 0.929319371727749 0.032404775440591 0.006980802792321
10 0.154917566799318 0.928883071553229 0.023308698123934 0.007853403141361
10 0.191017623649801 0.929319371727749 0.013644115974986 0.006980802792321
10 0.245025582717453 0.929755671902269 0.027288231949972 0.007853403141361
10 0.292495736213758 0.929319371727749 0.026719727117680 0.006980802792321
10 0.329732802728823 0.929319371727749 0.009096077316657 0.006980802792321
10 0.382035247299602 0.929755671902269 0.030699260943718 0.007853403141361
10 0.429505400795907 0.929755671902269 0.024445707788516 0.007853403141361
10 0.567367822626492 0.929755671902269 0.025014212620807 0.007853403141361
10 0.465605457646390 0.930191972076789 0.011370096645821 0.006980802792321
10 0.519329164297897 0.930628272251309 0.031267765776009 0.007853403141361
10 0.077885162023877 0.941535776614311 0.003411028993746 0.006980802792321
10 0.214610574189881 0.948516579406632 0.007390562819784 0.010471204188482
