7 0.086425781250000 0.127889060092450 0.047851562500000 0.234206471494607
7 0.253417968750000 0.135593220338983 0.063476562500000 0.224961479198767
7 0.423828125000000 0.129429892141757 0.070312500000000 0.234206471494607
7 0.576171875000000 0.134052388289676 0.068359375000000 0.228043143297381
7 0.750488281250000 0.134822804314330 0.083007812500000 0.211093990755008
7 0.914550781250000 0.145608628659476 0.084960937500000 0.189522342064715
7 0.089355468750000 0.395223420647149 0.086914062500000 0.204930662557781
7 0.250488281250000 0.381355932203390 0.096679687500000 0.232665639445300
7 0.418945312500000 0.385978428351310 0.052734375000000 0.214175654853621
7 0.578125000000000 0.380585516178737 0.054687500000000 0.224961479198767
7 0.750976562500000 0.404468412942989 0.089843750000000 0.186440677966102
7 0.913574218750000 0.385978428351310 0.079101562500000 0.198767334360555
7 0.079101562500000 0.635593220338983 0.041015625000000 0.189522342064715
7 0.253906250000000 0.630200308166410 0.099609375000000 0.237288135593220
7 0.418945312500000 0.635593220338983 0.107421875000000 0.229583975346687
7 0.581054687500000 0.630200308166410 0.093750000000000 0.231124807395994
7 0.750976562500000 0.644838212634823 0.085937500000000 0.201848998459168
7 0.914550781250000 0.632511556240370 0.065429687500000 0.229583975346687
7 0.079589843750000 0.884437596302003 0.067382812500000 0.231124807395994
7 0.246582031250000 0.892141756548536 0.077148437500000 0.215716486902928
7 0.416992187500000 0.899075500770416 0.097656250000000 0.201848998459168
7 0.581054687500000 0.879044684129430 0.060546875000000 0.241910631741140
7 0.755371093750000 0.879815100154083 0.071289062500000 0.240369799691834
7 0.921386718750000 0.881355932203390 0.057617187500000 0.237288135593220
