1 0.253333333333333 0.337692307692308 0.034871794871795 0.072307692307692
1 0.288205128205128 0.340769230769231 0.034871794871795 0.069230769230769
2 0.326666666666667 0.339230769230769 0.035897435897436 0.078461538461538
1 0.362051282051282 0.340000000000000 0.032820512820513 0.076923076923077
2 0.397948717948718 0.340769230769231 0.028717948717949 0.075384615384615
1 0.433333333333333 0.330769230769231 0.023589743589744 0.073846153846154
2 0.478974358974359 0.337692307692308 0.030769230769231 0.078461538461538
1 0.515897435897436 0.338461538461538 0.036923076923077 0.073846153846154
2 0.559487179487180 0.339230769230769 0.025641025641026 0.075384615384615
1 0.595384615384615 0.333846153846154 0.029743589743590 0.064615384615385
2 0.631794871794872 0.338461538461538 0.032820512820513 0.073846153846154
2 0.704102564102564 0.334615384615385 0.031794871794872 0.075384615384615
1 0.742051282051282 0.337692307692308 0.029743589743590 0.066153846153846
1 0.781025641025641 0.336153846153846 0.029743589743590 0.075384615384615
2 0.818461538461538 0.336923076923077 0.028717948717949 0.080000000000000
2 0.863589743589744 0.331538461538462 0.032820512820513 0.072307692307692
1 0.900512820512821 0.341538461538462 0.036923076923077 0.073846153846154
2 0.940000000000000 0.326923076923077 0.027692307692308 0.069230769230769
1 0.983589743589744 0.340769230769231 0.026666666666667 0.075384615384615
2 0.269230769230769 0.266153846153846 0.031794871794872 0.064615384615385
5 0.302051282051282 0.267692307692308 0.029743589743590 0.058461538461538
2 0.333846153846154 0.269230769230769 0.029743589743590 0.058461538461538
2 0.366153846153846 0.267692307692308 0.030769230769231 0.058461538461538
2 0.397948717948718 0.270769230769231 0.028717948717949 0.052307692307692
2 0.433333333333333 0.266923076923077 0.031794871794872 0.060000000000000
2 0.467692307692308 0.264615384615385 0.032820512820513 0.067692307692308
2 0.500512820512821 0.271538461538462 0.030769230769231 0.053846153846154
2 0.532820512820513 0.269230769230769 0.029743589743590 0.058461538461538
2 0.564615384615385 0.266153846153846 0.031794871794872 0.061538461538462
2 0.598974358974359 0.265384615384615 0.030769230769231 0.063076923076923
1 0.631282051282051 0.263846153846154 0.029743589743590 0.066153846153846
1 0.666153846153846 0.265384615384615 0.029743589743590 0.063076923076923
1 0.698974358974359 0.263846153846154 0.029743589743590 0.060000000000000
1 0.768205128205128 0.266153846153846 0.030769230769231 0.061538461538462
2 0.802051282051282 0.263846153846154 0.032820512820513 0.063076923076923
2 0.836923076923077 0.265384615384615 0.032820512820513 0.060000000000000
2 0.871794871794872 0.266923076923077 0.030769230769231 0.060000000000000
2 0.909743589743590 0.264615384615385 0.030769230769231 0.061538461538462
2 0.945641025641026 0.270000000000000 0.030769230769231 0.050769230769231
1 0.982051282051282 0.263076923076923 0.031794871794872 0.061538461538462
1 0.290256410256410 0.143076923076923 0.028717948717949 0.061538461538462
1 0.355897435897436 0.145384615384615 0.030769230769231 0.063076923076923
2 0.416923076923077 0.140769230769231 0.029743589743590 0.063076923076923
1 0.448205128205128 0.137692307692308 0.032820512820513 0.072307692307692
1 0.478974358974359 0.144615384615385 0.028717948717949 0.064615384615385
1 0.509230769230769 0.143076923076923 0.029743589743590 0.055384615384615
2 0.541025641025641 0.145384615384615 0.029743589743590 0.066153846153846
1 0.635897435897436 0.140769230769231 0.028717948717949 0.072307692307692
1 0.665128205128205 0.133076923076923 0.027692307692308 0.063076923076923
1 0.698974358974359 0.140769230769231 0.029743589743590 0.066153846153846
1 0.730256410256410 0.136153846153846 0.028717948717949 0.063076923076923
2 0.763589743589744 0.133076923076923 0.029743589743590 0.063076923076923
1 0.827692307692308 0.140000000000000 0.030769230769231 0.067692307692308
3 0.860000000000000 0.136923076923077 0.031794871794872 0.064615384615385
1 0.893333333333333 0.134615384615385 0.032820512820513 0.066153846153846
2 0.958974358974359 0.136153846153846 0.030769230769231 0.069230769230769
2 0.302051282051282 0.076153846153846 0.029743589743590 0.060000000000000
2 0.363076923076923 0.076153846153846 0.028717948717949 0.060000000000000
2 0.392820512820513 0.076153846153846 0.030769230769231 0.060000000000000
2 0.423589743589744 0.079230769230769 0.030769230769231 0.053846153846154
2 0.454358974358974 0.073076923076923 0.030769230769231 0.060000000000000
2 0.483589743589744 0.073846153846154 0.027692307692308 0.061538461538462
1 0.513846153846154 0.073846153846154 0.030769230769231 0.064615384615385
1 0.544615384615385 0.076153846153846 0.028717948717949 0.060000000000000
1 0.573846153846154 0.075384615384615 0.029743589743590 0.058461538461538
1 0.605641025641026 0.077692307692308 0.029743589743590 0.056923076923077
2 0.665128205128205 0.079230769230769 0.029743589743590 0.050769230769231
1 0.696923076923077 0.076923076923077 0.029743589743590 0.055384615384615
2 0.727692307692308 0.080000000000000 0.029743589743590 0.058461538461538
1 0.758974358974359 0.071538461538462 0.030769230769231 0.060000000000000
1 0.791794871794872 0.072307692307692 0.030769230769231 0.055384615384615
2 0.852820512820513 0.073846153846154 0.031794871794872 0.058461538461538
2 0.884615384615385 0.074615384615385 0.031794871794872 0.053846153846154
2 0.915897435897436 0.069230769230769 0.030769230769231 0.052307692307692
2 0.981538461538462 0.076153846153846 0.028717948717949 0.075384615384615
2 0.233333333333333 0.492307692307692 0.031794871794872 0.073846153846154
1 0.268717948717949 0.492307692307692 0.034871794871795 0.073846153846154
1 0.305128205128205 0.495384615384615 0.035897435897436 0.080000000000000
1 0.341025641025641 0.493076923076923 0.033846153846154 0.075384615384615
2 0.376410256410256 0.493846153846154 0.036923076923077 0.073846153846154
1 0.409743589743590 0.497692307692308 0.031794871794872 0.069230769230769
1 0.447179487179487 0.493076923076923 0.036923076923077 0.066153846153846
3 0.485128205128205 0.495384615384615 0.034871794871795 0.073846153846154
3 0.522051282051282 0.493846153846154 0.036923076923077 0.064615384615385
1 0.559487179487180 0.496923076923077 0.035897435897436 0.076923076923077
1 0.594358974358974 0.492307692307692 0.035897435897436 0.064615384615385
1 0.631282051282051 0.493076923076923 0.033846153846154 0.069230769230769
3 0.669743589743590 0.493846153846154 0.036923076923077 0.070769230769231
5 0.707692307692308 0.490769230769231 0.030769230769231 0.070769230769231
3 0.743589743589744 0.497692307692308 0.032820512820513 0.063076923076923
2 0.780000000000000 0.498461538461538 0.035897435897436 0.058461538461538
1 0.818461538461538 0.493846153846154 0.032820512820513 0.073846153846154
2 0.856923076923077 0.498461538461538 0.033846153846154 0.073846153846154
1 0.893333333333333 0.490769230769231 0.034871794871795 0.061538461538462
1 0.930256410256410 0.489230769230769 0.036923076923077 0.067692307692308
2 0.968717948717949 0.496153846153846 0.035897435897436 0.069230769230769
1 0.208205128205128 0.585384615384615 0.030769230769231 0.075384615384615
1 0.248205128205128 0.591538461538462 0.032820512820513 0.075384615384615
2 0.286153846153846 0.582307692307692 0.034871794871795 0.084615384615385
2 0.323589743589744 0.588461538461538 0.031794871794872 0.075384615384615
1 0.366666666666667 0.589230769230769 0.029743589743590 0.076923076923077
1 0.403589743589744 0.586153846153846 0.031794871794872 0.080000000000000
1 0.480512820512821 0.588461538461538 0.031794871794872 0.081538461538462
3 0.515897435897436 0.588461538461538 0.034871794871795 0.081538461538462
1 0.554871794871795 0.587692307692308 0.028717948717949 0.076923076923077
5 0.594358974358974 0.586923076923077 0.029743589743590 0.078461538461538
1 0.632820512820513 0.589230769230769 0.030769230769231 0.076923076923077
2 0.669230769230769 0.590769230769231 0.031794871794872 0.076923076923077
1 0.706666666666667 0.589230769230769 0.030769230769231 0.080000000000000
1 0.745641025641026 0.592307692307692 0.032820512820513 0.073846153846154
2 0.786666666666667 0.591538461538462 0.032820512820513 0.075384615384615
1 0.824615384615385 0.589230769230769 0.030769230769231 0.080000000000000
1 0.865641025641026 0.590000000000000 0.028717948717949 0.078461538461538
1 0.903589743589744 0.590769230769231 0.030769230769231 0.076923076923077
2 0.982564102564103 0.585384615384615 0.026666666666667 0.081538461538462
3 0.158974358974359 0.896153846153846 0.038974358974359 0.093846153846154
2 0.201025641025641 0.900769230769231 0.036923076923077 0.093846153846154
1 0.244102564102564 0.902307692307692 0.036923076923077 0.093846153846154
2 0.283076923076923 0.905384615384615 0.041025641025641 0.087692307692308
2 0.361538461538462 0.906153846153846 0.040000000000000 0.104615384615385
1 0.566153846153846 0.905384615384615 0.038974358974359 0.112307692307692
2 0.630256410256410 0.908461538461538 0.040000000000000 0.100000000000000
2 0.773846153846154 0.906923076923077 0.042051282051282 0.112307692307692
1 0.837948717948718 0.908461538461538 0.043076923076923 0.109230769230769
1 0.908717948717949 0.909230769230769 0.041025641025641 0.107692307692308
3 0.989230769230769 0.913846153846154 0.021538461538462 0.098461538461538
2 0.299487179487180 0.646153846153846 0.061538461538462 0.049230769230769
2 0.422564102564103 0.646923076923077 0.061538461538462 0.050769230769231
5 0.545641025641026 0.648461538461538 0.061538461538462 0.050769230769231
2 0.624615384615385 0.649230769230769 0.063589743589744 0.052307692307692
2 0.716410256410256 0.652307692307692 0.058461538461538 0.049230769230769
1 0.802051282051282 0.652307692307692 0.065641025641026 0.049230769230769
2 0.873333333333333 0.653076923076923 0.064615384615385 0.047692307692308
1 0.986666666666667 0.650000000000000 0.026666666666667 0.053846153846154
1 0.242051282051282 0.394615384615385 0.051282051282051 0.047692307692308
2 0.443589743589744 0.388461538461538 0.062564102564103 0.047692307692308
1 0.598461538461538 0.386923076923077 0.064615384615385 0.047692307692308
1 0.740000000000000 0.388461538461538 0.068717948717949 0.047692307692308
1 0.834871794871795 0.387692307692308 0.053333333333333 0.049230769230769
1 0.931794871794872 0.386153846153846 0.046153846153846 0.046153846153846
2 0.034358974358974 0.777692307692308 0.046153846153846 0.090769230769231
5 0.061538461538462 0.676153846153846 0.034871794871795 0.078461538461538
1 0.086666666666667 0.571538461538462 0.040000000000000 0.087692307692308
2 0.104102564102564 0.480000000000000 0.035897435897436 0.080000000000000
2 0.124615384615385 0.400000000000000 0.035897435897436 0.070769230769231
2 0.146666666666667 0.323076923076923 0.032820512820513 0.073846153846154
2 0.164102564102564 0.256153846153846 0.032820512820513 0.063076923076923
2 0.176923076923077 0.196153846153846 0.031794871794872 0.050769230769231
2 0.191282051282051 0.133076923076923 0.031794871794872 0.056923076923077
2 0.204102564102564 0.070769230769231 0.030769230769231 0.061538461538462
2 0.215897435897436 0.020000000000000 0.027692307692308 0.040000000000000
2 0.032307692307692 0.018461538461538 0.064615384615385 0.036923076923077
2 0.024615384615385 0.065384615384615 0.036923076923077 0.060000000000000
2 0.013333333333333 0.128461538461538 0.026666666666667 0.063076923076923
2 0.013846153846154 0.905384615384615 0.027692307692308 0.109230769230769
1 0.960000000000000 0.778461538461538 0.041025641025641 0.104615384615385
1 0.308205128205128 0.767692307692308 0.029743589743590 0.073846153846154
