10 0.050799086757991 0.009442060085837 0.023972602739726 0.018884120171674
10 0.114726027397260 0.009871244635193 0.026255707762557 0.019742489270386
10 0.177796803652968 0.009442060085837 0.025684931506849 0.018884120171674
10 0.240867579908676 0.009442060085837 0.026255707762557 0.018884120171674
10 0.303652968036530 0.009871244635193 0.026255707762557 0.019742489270386
10 0.367009132420091 0.009442060085837 0.025114155251142 0.018884120171674
10 0.430079908675799 0.009442060085837 0.024543378995434 0.018884120171674
10 0.493150684931507 0.009012875536481 0.023972602739726 0.018025751072961
10 0.555936073059361 0.009442060085837 0.023972602739726 0.018884120171674
10 0.619006849315068 0.009012875536481 0.022260273972603 0.018025751072961
10 0.682077625570776 0.009012875536481 0.022831050228311 0.018025751072961
10 0.745148401826484 0.008583690987124 0.021118721461187 0.017167381974249
10 0.808504566210046 0.007725321888412 0.021118721461187 0.015450643776824
10 0.871004566210046 0.008154506437768 0.019406392694064 0.016309012875536
10 0.934360730593607 0.008583690987124 0.019406392694064 0.017167381974249
10 0.994006849315068 0.008583690987124 0.011986301369863 0.017167381974249
10 0.783390410958904 0.093991416309013 0.006278538812785 0.014592274678112
10 0.846461187214612 0.093991416309013 0.005707762557078 0.014592274678112
10 0.909246575342466 0.093562231759657 0.005707762557078 0.015450643776824
10 0.972317351598174 0.093133047210300 0.005136986301370 0.014592274678112
10 0.024828767123288 0.095278969957082 0.006278538812785 0.015450643776824
10 0.089041095890411 0.096137339055794 0.005707762557078 0.015450643776824
10 0.152397260273973 0.096137339055794 0.005707762557078 0.015450643776824
10 0.215753424657534 0.096137339055794 0.005707762557078 0.015450643776824
10 0.278538812785388 0.096137339055794 0.005707762557078 0.015450643776824
10 0.341894977168950 0.096137339055794 0.005707762557078 0.015450643776824
10 0.404965753424658 0.095708154506438 0.005136986301370 0.014592274678112
10 0.468036529680365 0.095708154506438 0.005707762557078 0.014592274678112
10 0.531107305936073 0.095708154506438 0.005136986301370 0.014592274678112
10 0.594178082191781 0.095278969957082 0.005707762557078 0.015450643776824
10 0.656963470319635 0.094849785407725 0.005707762557078 0.014592274678112
10 0.720034246575342 0.094849785407725 0.005136986301370 0.014592274678112
10 0.943207762557078 0.338197424892704 0.009703196347032 0.012017167381974
10 0.967465753424658 0.349785407725322 0.025114155251142 0.035193133047210
10 0.015125570776256 0.339914163090129 0.007420091324201 0.012017167381974
10 0.565353881278539 0.339914163090129 0.010844748858447 0.012017167381974
10 0.590468036529680 0.351502145922747 0.024543378995434 0.035193133047210
10 0.648116438356164 0.339914163090129 0.007420091324201 0.012017167381974
10 0.691780821917808 0.339914163090129 0.010273972602740 0.012017167381974
10 0.716894977168950 0.350643776824034 0.023972602739726 0.035193133047210
10 0.774257990867580 0.339484978540773 0.007420091324201 0.011158798283262
10 0.817922374429224 0.339055793991416 0.010273972602740 0.012017167381974
10 0.843036529680365 0.350643776824034 0.023972602739726 0.035193133047210
10 0.900399543378995 0.338626609442060 0.007420091324201 0.011158798283262
10 0.060216894977169 0.340772532188841 0.010844748858447 0.012017167381974
10 0.085616438356164 0.352360515021459 0.023972602739726 0.035193133047210
10 0.143264840182648 0.341201716738197 0.006849315068493 0.011158798283262
10 0.187214611872146 0.341201716738197 0.010273972602740 0.011158798283262
10 0.212043378995434 0.352360515021459 0.023401826484018 0.035193133047210
10 0.269977168949772 0.341201716738197 0.006849315068493 0.011158798283262
10 0.313070776255708 0.341201716738197 0.009703196347032 0.011158798283262
10 0.337899543378995 0.352360515021459 0.023972602739726 0.035193133047210
10 0.395833333333333 0.340772532188841 0.007420091324201 0.012017167381974
10 0.439497716894977 0.340772532188841 0.010273972602740 0.012017167381974
10 0.464041095890411 0.352360515021459 0.023972602739726 0.035193133047210
10 0.521974885844749 0.340343347639485 0.007420091324201 0.011158798283262
10 0.852739726027397 0.362231759656652 0.007990867579909 0.012017167381974
10 0.978881278538813 0.361802575107296 0.007990867579909 0.011158798283262
10 0.474315068493151 0.363948497854077 0.007990867579909 0.012017167381974
10 0.600456621004566 0.363519313304721 0.007990867579909 0.011158798283262
10 0.694349315068493 0.363090128755365 0.006278538812785 0.010300429184549
10 0.726598173515982 0.362660944206009 0.007990867579909 0.011158798283262
10 0.738013698630137 0.363090128755365 0.005707762557078 0.010300429184549
10 0.765410958904110 0.363090128755365 0.005707762557078 0.010300429184549
10 0.783105022831050 0.363090128755365 0.005707762557078 0.010300429184549
10 0.792237442922374 0.363090128755365 0.005707762557078 0.010300429184549
10 0.810216894977169 0.363090128755365 0.006278538812785 0.010300429184549
10 0.820490867579909 0.363090128755365 0.006278538812785 0.010300429184549
10 0.830764840182648 0.363090128755365 0.006278538812785 0.010300429184549
10 0.864155251141553 0.363090128755365 0.005707762557078 0.010300429184549
10 0.873287671232877 0.362660944206009 0.005707762557078 0.009442060085837
10 0.882420091324201 0.362660944206009 0.005707762557078 0.009442060085837
10 0.890981735159817 0.362660944206009 0.005707762557078 0.009442060085837
10 0.500000000000000 0.399141630901288 1.000000000000000 0.082403433476395
10 0.909246575342466 0.362660944206009 0.005707762557078 0.009442060085837
10 0.918378995433790 0.362660944206009 0.005707762557078 0.009442060085837
10 0.927511415525114 0.362660944206009 0.005707762557078 0.009442060085837
10 0.936643835616438 0.362660944206009 0.005707762557078 0.009442060085837
10 0.946632420091324 0.362231759656652 0.006278538812785 0.010300429184549
10 0.957191780821918 0.362231759656652 0.005707762557078 0.010300429184549
10 0.990296803652968 0.362231759656652 0.005707762557078 0.010300429184549
10 0.998287671232877 0.362660944206009 0.003424657534247 0.009442060085837
10 0.006278538812785 0.363948497854077 0.005707762557078 0.010300429184549
10 0.024543378995434 0.364377682403433 0.005707762557078 0.009442060085837
10 0.033675799086758 0.364377682403433 0.005707762557078 0.009442060085837
10 0.043093607305936 0.364377682403433 0.006278538812785 0.009442060085837
10 0.052511415525114 0.364806866952790 0.005707762557078 0.010300429184549
10 0.062785388127854 0.364806866952790 0.005707762557078 0.010300429184549
10 0.073344748858447 0.364806866952790 0.006278538812785 0.010300429184549
10 0.095319634703196 0.364377682403433 0.007990867579909 0.011158798283262
10 0.107020547945205 0.364806866952790 0.006278538812785 0.010300429184549
10 0.189783105022831 0.364806866952790 0.006278538812785 0.010300429184549
10 0.222031963470320 0.364377682403433 0.007990867579909 0.011158798283262
10 0.305936073059361 0.364806866952790 0.005707762557078 0.010300429184549
10 0.315924657534247 0.364806866952790 0.006278538812785 0.010300429184549
10 0.326198630136986 0.364806866952790 0.006278538812785 0.010300429184549
10 0.348173515981735 0.364377682403433 0.007990867579909 0.011158798283262
10 0.359589041095890 0.364806866952790 0.005707762557078 0.010300429184549
10 0.377853881278539 0.364806866952790 0.005707762557078 0.010300429184549
10 0.404680365296804 0.364806866952790 0.005707762557078 0.010300429184549
10 0.413527397260274 0.364806866952790 0.005136986301370 0.010300429184549
10 0.431792237442922 0.364806866952790 0.005136986301370 0.010300429184549
10 0.442066210045662 0.364806866952790 0.006278538812785 0.010300429184549
10 0.452340182648402 0.364806866952790 0.006278538812785 0.010300429184549
10 0.485730593607306 0.364806866952790 0.005707762557078 0.010300429184549
10 0.494577625570776 0.364377682403433 0.005136986301370 0.009442060085837
10 0.503995433789954 0.364377682403433 0.005707762557078 0.009442060085837
10 0.512842465753425 0.364377682403433 0.005136986301370 0.009442060085837
10 0.530821917808219 0.364377682403433 0.005707762557078 0.009442060085837
10 0.539954337899543 0.364806866952790 0.005707762557078 0.010300429184549
10 0.549086757990868 0.364377682403433 0.005707762557078 0.009442060085837
10 0.557648401826484 0.364377682403433 0.005707762557078 0.009442060085837
10 0.568207762557078 0.363948497854077 0.006278538812785 0.010300429184549
10 0.578481735159817 0.363948497854077 0.006278538812785 0.010300429184549
10 0.611872146118721 0.363948497854077 0.005707762557078 0.010300429184549
10 0.621004566210046 0.364377682403433 0.005707762557078 0.009442060085837
10 0.630136986301370 0.364377682403433 0.005707762557078 0.009442060085837
10 0.638984018264840 0.363948497854077 0.005136986301370 0.010300429184549
10 0.656963470319635 0.363948497854077 0.005707762557078 0.010300429184549
10 0.666095890410959 0.363519313304721 0.005707762557078 0.009442060085837
10 0.675228310502283 0.363948497854077 0.005707762557078 0.010300429184549
10 0.684075342465753 0.363519313304721 0.006278538812785 0.009442060085837
10 0.704908675799087 0.363519313304721 0.005707762557078 0.009442060085837
10 0.747146118721461 0.363519313304721 0.005707762557078 0.009442060085837
10 0.756278538812785 0.363519313304721 0.005707762557078 0.009442060085837
10 0.801084474885845 0.363519313304721 0.005136986301370 0.009442060085837
10 0.116152968036530 0.365236051502146 0.005136986301370 0.009442060085837
10 0.125285388127854 0.365236051502146 0.005136986301370 0.009442060085837
10 0.134132420091324 0.365236051502146 0.005707762557078 0.009442060085837
10 0.152397260273973 0.365236051502146 0.005707762557078 0.009442060085837
10 0.161244292237443 0.365236051502146 0.006278538812785 0.009442060085837
10 0.170376712328767 0.365236051502146 0.005136986301370 0.009442060085837
10 0.179509132420091 0.365236051502146 0.006278538812785 0.009442060085837
10 0.200342465753425 0.365236051502146 0.005707762557078 0.009442060085837
10 0.233447488584475 0.365236051502146 0.005707762557078 0.009442060085837
10 0.242579908675799 0.365236051502146 0.005707762557078 0.009442060085837
10 0.251712328767123 0.365236051502146 0.005707762557078 0.009442060085837
10 0.260559360730594 0.365236051502146 0.005136986301370 0.009442060085837
10 0.278538812785388 0.365236051502146 0.005707762557078 0.009442060085837
10 0.287671232876712 0.365236051502146 0.005707762557078 0.009442060085837
10 0.296518264840183 0.365236051502146 0.005136986301370 0.009442060085837
10 0.368721461187215 0.365236051502146 0.005707762557078 0.009442060085837
10 0.386986301369863 0.365236051502146 0.005707762557078 0.009442060085837
10 0.422945205479452 0.365236051502146 0.005707762557078 0.009442060085837
10 0.726598173515982 0.386266094420601 0.007990867579909 0.012017167381974
10 0.853025114155251 0.385836909871245 0.008561643835616 0.011158798283262
10 0.936358447488584 0.385836909871245 0.006278538812785 0.011158798283262
10 0.957191780821918 0.385836909871245 0.006849315068493 0.011158798283262
10 0.967465753424658 0.385407725321888 0.006849315068493 0.010300429184549
10 0.979166666666667 0.385407725321888 0.008561643835616 0.012017167381974
10 0.990582191780822 0.385407725321888 0.006278538812785 0.010300429184549
10 0.005993150684932 0.387124463519313 0.006278538812785 0.010300429184549
10 0.024828767123288 0.387553648068670 0.006278538812785 0.011158798283262
10 0.033961187214612 0.387553648068670 0.006278538812785 0.011158798283262
10 0.052226027397260 0.387553648068670 0.006278538812785 0.011158798283262
10 0.073344748858447 0.387553648068670 0.006278538812785 0.011158798283262
10 0.095605022831050 0.387982832618026 0.008561643835616 0.012017167381974
10 0.222031963470320 0.387982832618026 0.007990867579909 0.012017167381974
10 0.348173515981735 0.387982832618026 0.007990867579909 0.012017167381974
10 0.452340182648402 0.387553648068670 0.006278538812785 0.011158798283262
10 0.462614155251142 0.387553648068670 0.006278538812785 0.011158798283262
10 0.474315068493151 0.387553648068670 0.007990867579909 0.011158798283262
10 0.557933789954338 0.387553648068670 0.006278538812785 0.011158798283262
10 0.578481735159817 0.387553648068670 0.006278538812785 0.011158798283262
10 0.589041095890411 0.387553648068670 0.006849315068493 0.011158798283262
10 0.600456621004566 0.387124463519313 0.007990867579909 0.012017167381974
10 0.611872146118721 0.387553648068670 0.005707762557078 0.011158798283262
10 0.629851598173516 0.387124463519313 0.006278538812785 0.010300429184549
10 0.638984018264840 0.387553648068670 0.005136986301370 0.011158798283262
10 0.656963470319635 0.387124463519313 0.005707762557078 0.010300429184549
10 0.666095890410959 0.387124463519313 0.005707762557078 0.010300429184549
10 0.684075342465753 0.387124463519313 0.006278538812785 0.010300429184549
10 0.704623287671233 0.386695278969957 0.006278538812785 0.011158798283262
10 0.715182648401826 0.386695278969957 0.006849315068493 0.011158798283262
10 0.737728310502283 0.386695278969957 0.006278538812785 0.011158798283262
10 0.756278538812785 0.387124463519313 0.005707762557078 0.010300429184549
10 0.765125570776256 0.387124463519313 0.006278538812785 0.010300429184549
10 0.783390410958904 0.387124463519313 0.006278538812785 0.010300429184549
10 0.792237442922374 0.387124463519313 0.005707762557078 0.010300429184549
10 0.810216894977169 0.386266094420601 0.006278538812785 0.010300429184549
10 0.830764840182648 0.386266094420601 0.006278538812785 0.010300429184549
10 0.841324200913242 0.386266094420601 0.006849315068493 0.010300429184549
10 0.864440639269406 0.386266094420601 0.006278538812785 0.010300429184549
10 0.882420091324201 0.386266094420601 0.005707762557078 0.010300429184549
10 0.891552511415525 0.386266094420601 0.005707762557078 0.010300429184549
10 0.909246575342466 0.386266094420601 0.005707762557078 0.010300429184549
10 0.918378995433790 0.386266094420601 0.005707762557078 0.010300429184549
10 0.084189497716895 0.387982832618026 0.006278538812785 0.010300429184549
10 0.107020547945205 0.388412017167382 0.006278538812785 0.011158798283262
10 0.125000000000000 0.388412017167382 0.005707762557078 0.011158798283262
10 0.134132420091324 0.388412017167382 0.005707762557078 0.011158798283262
10 0.152397260273973 0.388841201716738 0.005707762557078 0.010300429184549
10 0.161529680365297 0.388841201716738 0.005707762557078 0.010300429184549
10 0.179509132420091 0.388841201716738 0.006278538812785 0.010300429184549
10 0.200342465753425 0.388412017167382 0.006849315068493 0.011158798283262
10 0.210616438356164 0.388412017167382 0.006849315068493 0.011158798283262
10 0.233162100456621 0.388412017167382 0.006278538812785 0.011158798283262
10 0.251426940639269 0.388841201716738 0.006278538812785 0.010300429184549
10 0.260844748858447 0.388841201716738 0.005707762557078 0.010300429184549
10 0.278538812785388 0.388841201716738 0.005707762557078 0.010300429184549
10 0.287671232876712 0.388841201716738 0.005707762557078 0.010300429184549
10 0.305650684931507 0.388412017167382 0.006278538812785 0.011158798283262
10 0.326198630136986 0.388412017167382 0.006278538812785 0.011158798283262
10 0.336472602739726 0.388412017167382 0.006278538812785 0.011158798283262
10 0.359303652968037 0.388412017167382 0.006278538812785 0.011158798283262
10 0.377568493150685 0.387982832618026 0.006278538812785 0.010300429184549
10 0.386700913242009 0.388412017167382 0.006278538812785 0.011158798283262
10 0.404680365296804 0.387982832618026 0.005707762557078 0.010300429184549
10 0.413812785388128 0.387982832618026 0.005707762557078 0.010300429184549
10 0.431792237442922 0.387982832618026 0.006278538812785 0.010300429184549
10 0.485445205479452 0.387982832618026 0.006278538812785 0.010300429184549
10 0.503710045662100 0.387982832618026 0.006278538812785 0.010300429184549
10 0.513127853881279 0.387982832618026 0.005707762557078 0.010300429184549
10 0.530821917808219 0.387982832618026 0.005707762557078 0.010300429184549
10 0.539954337899543 0.387982832618026 0.005707762557078 0.010300429184549
10 0.014840182648402 0.431759656652360 0.026255707762557 0.013733905579399
10 0.647545662100457 0.431759656652360 0.025684931506849 0.013733905579399
10 0.773687214611872 0.431759656652360 0.025684931506849 0.013733905579399
10 0.900114155251142 0.430901287553648 0.025114155251142 0.013733905579399
10 0.142979452054795 0.433476394849785 0.025684931506849 0.013733905579399
10 0.269121004566210 0.433476394849785 0.025684931506849 0.013733905579399
10 0.395262557077626 0.432618025751073 0.025684931506849 0.013733905579399
10 0.521689497716895 0.432618025751073 0.025114155251142 0.013733905579399
10 0.042237442922374 0.527896995708155 0.084474885844749 0.065236051502146
10 0.563641552511416 0.527467811158798 0.145547945205479 0.064377682403433
10 0.839611872146119 0.526609442060086 0.144977168949772 0.064377682403433
10 0.288242009132420 0.528326180257511 0.144977168949772 0.064377682403433
10 0.744292237442922 0.631759656652361 0.296803652968037 0.010300429184549
10 0.330479452054795 0.633905579399142 0.296803652968037 0.009442060085837
10 0.743721461187215 0.678969957081545 0.304794520547945 0.018884120171674
10 0.327910958904110 0.685836909871245 0.307648401826484 0.006866952789700
10 0.776255707762557 0.766952789699571 0.180365296803653 0.057510729613734
10 0.974600456621005 0.767811158798283 0.050799086757991 0.054077253218884
10 0.140696347031963 0.770386266094421 0.281392694063927 0.054077253218884
10 0.026541095890411 0.866952789699571 0.053082191780822 0.063519313304721
10 0.644121004566210 0.842060085836910 0.183219178082192 0.013733905579399
10 0.907819634703196 0.841201716738197 0.183219178082192 0.012017167381974
10 0.101027397260274 0.851502145922747 0.083333333333333 0.029184549356223
10 0.143835616438356 0.842918454935622 0.014840182648402 0.012017167381974
10 0.168093607305936 0.842918454935622 0.014269406392694 0.012017167381974
10 0.204052511415525 0.842918454935622 0.014269406392694 0.012017167381974
10 0.236301369863014 0.842489270386266 0.014840182648402 0.011158798283262
10 0.268835616438356 0.842918454935622 0.013698630136986 0.012017167381974
10 0.301084474885845 0.842918454935622 0.010844748858447 0.012017167381974
10 0.458618721461187 0.842489270386266 0.009703196347032 0.011158798283262
10 0.491438356164384 0.843347639484979 0.013698630136986 0.011158798283262
10 0.194920091324201 0.858798283261803 0.082762557077626 0.011158798283262
10 0.287956621004566 0.858798283261803 0.080479452054795 0.011158798283262
10 0.690924657534247 0.874248927038627 0.049657534246575 0.012875536480687
10 0.775970319634703 0.874678111587983 0.081621004566210 0.015450643776824
10 0.861301369863014 0.873390557939914 0.049086757990868 0.012875536480687
10 0.912956621004566 0.873819742489270 0.021118721461187 0.012017167381974
10 0.086757990867580 0.883690987124463 0.090182648401826 0.030042918454936
10 0.148972602739726 0.875965665236051 0.014840182648402 0.012875536480687
10 0.173230593607306 0.875965665236051 0.014269406392694 0.012875536480687
10 0.197773972602740 0.875965665236051 0.014269406392694 0.012875536480687
10 0.222031963470320 0.875965665236051 0.014840182648402 0.012875536480687
10 0.246289954337900 0.875965665236051 0.014269406392694 0.012875536480687
10 0.270833333333333 0.875965665236051 0.014269406392694 0.012875536480687
10 0.295091324200913 0.875965665236051 0.014840182648402 0.012875536480687
10 0.319634703196347 0.875965665236051 0.014840182648402 0.012875536480687
10 0.343607305936073 0.875965665236051 0.013698630136986 0.012875536480687
10 0.367865296803653 0.875965665236051 0.014269406392694 0.012875536480687
10 0.392123287671233 0.875965665236051 0.012557077625571 0.012875536480687
10 0.486015981735160 0.875965665236051 0.010844748858447 0.012875536480687
10 0.570205479452055 0.875965665236051 0.014840182648402 0.014592274678112
10 0.617009132420091 0.874678111587983 0.049086757990868 0.012017167381974
10 0.510273972602740 0.876394849785408 0.013698630136986 0.012017167381974
10 0.742865296803653 0.891416309012875 0.360159817351598 0.012875536480687
10 0.176940639269406 0.892703862660944 0.083333333333333 0.012017167381974
10 0.270547945205479 0.892703862660944 0.081050228310502 0.012017167381974
10 0.827054794520548 0.907725321888412 0.081050228310502 0.011158798283262
10 0.007134703196347 0.908154506437768 0.014269406392694 0.010300429184549
10 0.279394977168950 0.909012875536481 0.121575342465753 0.010300429184549
10 0.441780821917808 0.909012875536481 0.122146118721461 0.010300429184549
10 0.624143835616438 0.908154506437768 0.081621004566210 0.010300429184549
10 0.117009132420091 0.909442060085837 0.122146118721461 0.009442060085837
10 0.752283105022831 0.081974248927039 0.057077625570776 0.038626609442060
10 0.878424657534247 0.080257510729614 0.059360730593607 0.035193133047210
10 0.121289954337900 0.083261802575107 0.057648401826484 0.039484978540773
10 0.244006849315068 0.082832618025751 0.053082191780822 0.038626609442060
10 0.373287671232877 0.083690987124464 0.059360730593607 0.038626609442060
10 0.500285388127854 0.082832618025751 0.056506849315068 0.038626609442060
10 0.624714611872146 0.083261802575107 0.058789954337900 0.037768240343348
10 0.500000000000000 0.211587982832618 1.000000000000000 0.206866952789700
