11 0.348333333333333 0.540000000000000 0.093333333333333 0.096666666666667
11 0.502500000000000 0.062500000000000 0.098333333333333 0.098333333333333
11 0.058333333333333 0.513333333333333 0.093333333333333 0.093333333333333
11 0.695000000000000 0.667500000000000 0.093333333333333 0.091666666666667
11 0.241666666666667 0.301666666666667 0.093333333333333 0.096666666666667
11 0.732500000000000 0.215833333333333 0.098333333333333 0.101666666666667
11 0.420833333333333 0.887500000000000 0.095000000000000 0.095000000000000
11 0.486666666666667 0.698333333333333 0.096666666666667 0.093333333333333
11 0.691666666666667 0.931666666666667 0.100000000000000 0.103333333333333
11 0.428333333333333 0.134166666666667 0.096666666666667 0.098333333333333
11 0.040833333333333 0.338333333333333 0.081666666666667 0.096666666666667
11 0.230833333333333 0.835833333333333 0.098333333333333 0.098333333333333
11 0.169166666666667 0.214166666666667 0.095000000000000 0.098333333333333
11 0.656666666666667 0.493333333333333 0.086666666666667 0.090000000000000
11 0.140833333333333 0.317500000000000 0.095000000000000 0.098333333333333
11 0.522500000000000 0.867500000000000 0.088333333333333 0.091666666666667
11 0.525833333333333 0.339166666666667 0.098333333333333 0.098333333333333
11 0.593333333333333 0.418333333333333 0.093333333333333 0.096666666666667
11 0.380833333333333 0.445833333333333 0.095000000000000 0.098333333333333
11 0.555833333333333 0.509166666666667 0.101666666666667 0.101666666666667
11 0.589166666666667 0.685000000000000 0.098333333333333 0.096666666666667
11 0.879166666666667 0.063333333333333 0.095000000000000 0.100000000000000
11 0.626666666666667 0.851666666666667 0.090000000000000 0.093333333333333
11 0.420000000000000 0.350000000000000 0.100000000000000 0.100000000000000
11 0.275833333333333 0.740833333333333 0.091666666666667 0.098333333333333
11 0.866666666666667 0.345833333333333 0.100000000000000 0.105000000000000
11 0.455000000000000 0.795833333333333 0.100000000000000 0.105000000000000
11 0.619166666666667 0.589166666666667 0.098333333333333 0.098333333333333
11 0.343333333333333 0.276666666666667 0.100000000000000 0.100000000000000
11 0.199166666666667 0.397500000000000 0.091666666666667 0.095000000000000
11 0.313333333333333 0.370833333333333 0.093333333333333 0.098333333333333
11 0.485000000000000 0.431666666666667 0.096666666666667 0.096666666666667
11 0.239166666666667 0.570833333333333 0.101666666666667 0.101666666666667
11 0.400833333333333 0.043333333333333 0.095000000000000 0.086666666666667
11 0.830833333333333 0.232500000000000 0.091666666666667 0.095000000000000
11 0.800000000000000 0.421666666666667 0.093333333333333 0.100000000000000
11 0.856666666666667 0.535833333333333 0.093333333333333 0.095000000000000
11 0.923333333333333 0.790833333333333 0.086666666666667 0.088333333333333
11 0.381666666666667 0.716666666666667 0.096666666666667 0.100000000000000
11 0.633333333333333 0.189166666666667 0.103333333333333 0.101666666666667
11 0.274166666666667 0.467500000000000 0.101666666666667 0.105000000000000
11 0.130000000000000 0.594166666666667 0.096666666666667 0.101666666666667
11 0.519166666666667 0.603333333333333 0.095000000000000 0.100000000000000
11 0.167500000000000 0.498333333333333 0.095000000000000 0.100000000000000
11 0.450000000000000 0.522500000000000 0.093333333333333 0.095000000000000
11 0.802500000000000 0.627500000000000 0.101666666666667 0.098333333333333
11 0.769166666666667 0.735000000000000 0.101666666666667 0.100000000000000
11 0.415000000000000 0.621666666666667 0.096666666666667 0.096666666666667
11 0.868333333333333 0.713333333333333 0.096666666666667 0.100000000000000
11 0.601666666666667 0.084166666666667 0.090000000000000 0.095000000000000
11 0.705000000000000 0.114166666666667 0.093333333333333 0.101666666666667
11 0.769166666666667 0.320833333333333 0.095000000000000 0.101666666666667
11 0.659166666666667 0.756666666666667 0.101666666666667 0.100000000000000
11 0.200000000000000 0.672500000000000 0.093333333333333 0.098333333333333
11 0.526666666666667 0.156666666666667 0.093333333333333 0.093333333333333
11 0.094166666666667 0.687500000000000 0.091666666666667 0.088333333333333
11 0.730000000000000 0.834166666666667 0.100000000000000 0.105000000000000
11 0.905000000000000 0.620000000000000 0.093333333333333 0.096666666666667
11 0.348333333333333 0.812500000000000 0.096666666666667 0.098333333333333
11 0.432500000000000 0.239166666666667 0.095000000000000 0.098333333333333
11 0.096666666666667 0.415833333333333 0.100000000000000 0.101666666666667
11 0.490000000000000 0.953333333333333 0.100000000000000 0.093333333333333
11 0.765000000000000 0.515833333333333 0.090000000000000 0.095000000000000
11 0.675833333333333 0.297500000000000 0.095000000000000 0.098333333333333
11 0.311666666666667 0.642500000000000 0.093333333333333 0.095000000000000
11 0.955000000000000 0.299166666666667 0.090000000000000 0.101666666666667
11 0.120833333333333 0.130000000000000 0.091666666666667 0.100000000000000
11 0.152500000000000 0.766666666666667 0.101666666666667 0.096666666666667
11 0.077500000000000 0.240833333333333 0.088333333333333 0.091666666666667
11 0.801666666666667 0.135000000000000 0.096666666666667 0.096666666666667
11 0.701666666666667 0.399166666666667 0.093333333333333 0.098333333333333
11 0.268333333333333 0.202500000000000 0.096666666666667 0.098333333333333
11 0.221666666666667 0.115000000000000 0.093333333333333 0.100000000000000
11 0.588333333333333 0.938333333333333 0.093333333333333 0.093333333333333
11 0.800833333333333 0.908333333333333 0.098333333333333 0.096666666666667
11 0.780833333333333 0.043333333333333 0.095000000000000 0.086666666666667
11 0.320000000000000 0.105833333333333 0.093333333333333 0.091666666666667
11 0.555833333333333 0.775000000000000 0.095000000000000 0.096666666666667
11 0.900833333333333 0.159166666666667 0.095000000000000 0.095000000000000
11 0.833333333333333 0.815000000000000 0.100000000000000 0.103333333333333
11 0.047500000000000 0.791666666666667 0.095000000000000 0.096666666666667
11 0.042500000000000 0.055000000000000 0.085000000000000 0.100000000000000
11 0.894166666666667 0.442500000000000 0.085000000000000 0.088333333333333
11 0.909166666666667 0.889166666666667 0.101666666666667 0.101666666666667
11 0.953333333333333 0.527500000000000 0.093333333333333 0.101666666666667
11 0.961666666666667 0.709166666666667 0.076666666666667 0.098333333333333
11 0.968333333333333 0.084166666666667 0.063333333333333 0.098333333333333
11 0.965000000000000 0.397500000000000 0.070000000000000 0.091666666666667
11 0.570000000000000 0.244166666666667 0.090000000000000 0.095000000000000
11 0.677500000000000 0.031666666666667 0.098333333333333 0.063333333333333
11 0.034166666666667 0.613333333333333 0.068333333333333 0.090000000000000
11 0.035833333333333 0.155000000000000 0.071666666666667 0.093333333333333
11 0.835833333333333 0.473333333333333 0.068333333333333 0.063333333333333
11 0.866666666666667 0.966666666666667 0.096666666666667 0.066666666666667
11 0.016666666666667 0.715000000000000 0.033333333333333 0.086666666666667
11 0.021666666666667 0.881666666666667 0.043333333333333 0.050000000000000
11 0.023333333333333 0.329166666666667 0.046666666666667 0.078333333333333
11 0.276666666666667 0.020000000000000 0.090000000000000 0.040000000000000
11 0.580833333333333 0.016666666666667 0.085000000000000 0.033333333333333
11 0.891666666666667 0.024166666666667 0.103333333333333 0.048333333333333
11 0.979166666666667 0.487500000000000 0.041666666666667 0.065000000000000
11 0.975000000000000 0.611666666666667 0.050000000000000 0.103333333333333
11 0.380833333333333 0.974166666666667 0.105000000000000 0.051666666666667
11 0.605000000000000 0.979166666666667 0.090000000000000 0.041666666666667
11 0.835000000000000 0.973333333333333 0.103333333333333 0.053333333333333
