12 0.014648437500000 0.024096385542169 0.029296875000000 0.048192771084337
12 0.057128906250000 0.023493975903614 0.041992187500000 0.046987951807229
12 0.104492187500000 0.023493975903614 0.042968750000000 0.046987951807229
12 0.157226562500000 0.020481927710843 0.035156250000000 0.040963855421687
12 0.205566406250000 0.020481927710843 0.034179687500000 0.040963855421687
12 0.253417968750000 0.019277108433735 0.034179687500000 0.038554216867470
12 0.301757812500000 0.021084337349398 0.035156250000000 0.042168674698795
12 0.350585937500000 0.016867469879518 0.033203125000000 0.033734939759036
12 0.398437500000000 0.016265060240964 0.035156250000000 0.032530120481928
12 0.447265625000000 0.016867469879518 0.033203125000000 0.033734939759036
12 0.495117187500000 0.012048192771084 0.033203125000000 0.024096385542169
12 0.543457031250000 0.013253012048193 0.034179687500000 0.026506024096386
12 0.591796875000000 0.012048192771084 0.033203125000000 0.024096385542169
12 0.640136718750000 0.012048192771084 0.032226562500000 0.024096385542169
12 0.689941406250000 0.009638554216867 0.030273437500000 0.019277108433735
12 0.739257812500000 0.008433734939759 0.027343750000000 0.016867469879518
12 0.786132812500000 0.009638554216867 0.031250000000000 0.019277108433735
12 0.979980468750000 0.045783132530120 0.036132812500000 0.045783132530120
12 0.787597656250000 0.054216867469880 0.034179687500000 0.048192771084337
12 0.833496093750000 0.054216867469880 0.034179687500000 0.045783132530120
12 0.931152343750000 0.051807228915663 0.032226562500000 0.038554216867470
12 0.642578125000000 0.059638554216867 0.037109375000000 0.044578313253012
12 0.883300781250000 0.055421686746988 0.032226562500000 0.038554216867470
12 0.688964843750000 0.060843373493976 0.034179687500000 0.042168674698795
12 0.738281250000000 0.060843373493976 0.033203125000000 0.037349397590361
12 0.449707031250000 0.067469879518072 0.036132812500000 0.048192771084337
12 0.593261718750000 0.065662650602410 0.034179687500000 0.039759036144578
12 0.545410156250000 0.067469879518072 0.032226562500000 0.038554216867470
12 0.255859375000000 0.075301204819277 0.033203125000000 0.046987951807229
12 0.302734375000000 0.073493975903614 0.035156250000000 0.045783132530120
12 0.352539062500000 0.075301204819277 0.033203125000000 0.042168674698795
12 0.400390625000000 0.074096385542169 0.033203125000000 0.037349397590361
12 0.111816406250000 0.080722891566265 0.034179687500000 0.045783132530120
12 0.496582031250000 0.073493975903614 0.034179687500000 0.031325301204819
12 0.159179687500000 0.081927710843373 0.033203125000000 0.040963855421687
12 0.207519531250000 0.081325301204819 0.032226562500000 0.039759036144578
12 0.062988281250000 0.087349397590361 0.032226562500000 0.037349397590361
12 0.015625000000000 0.089156626506024 0.031250000000000 0.038554216867470
12 0.952636718750000 0.112650602409639 0.094726562500000 0.051807228915663
12 0.854492187500000 0.118674698795181 0.093750000000000 0.059036144578313
12 0.782226562500000 0.120481927710843 0.044921875000000 0.053012048192771
12 0.662109375000000 0.126506024096386 0.189453125000000 0.060240963855422
12 0.541992187500000 0.128915662650602 0.046875000000000 0.050602409638554
12 0.468750000000000 0.134337349397590 0.091796875000000 0.054216867469880
12 0.395996093750000 0.134939759036145 0.043945312500000 0.053012048192771
12 0.325195312500000 0.139759036144578 0.093750000000000 0.057831325301205
12 0.251464843750000 0.141566265060241 0.043945312500000 0.051807228915663
12 0.207031250000000 0.143373493975904 0.037109375000000 0.050602409638554
12 0.131347656250000 0.148795180722892 0.092773437500000 0.054216867469880
12 0.062500000000000 0.149397590361446 0.039062500000000 0.053012048192771
12 0.016113281250000 0.151204819277108 0.032226562500000 0.046987951807229
12 0.983398437500000 0.175301204819277 0.033203125000000 0.046987951807229
12 0.838867187500000 0.181325301204819 0.033203125000000 0.046987951807229
12 0.645019531250000 0.189156626506024 0.034179687500000 0.048192771084337
12 0.692382812500000 0.188554216867470 0.033203125000000 0.046987951807229
12 0.885742187500000 0.184337349397590 0.033203125000000 0.038554216867470
12 0.934082031250000 0.183132530120482 0.032226562500000 0.038554216867470
12 0.789062500000000 0.187349397590361 0.033203125000000 0.037349397590361
12 0.500488281250000 0.195783132530120 0.038085937500000 0.049397590361446
12 0.739746093750000 0.191566265060241 0.036132812500000 0.040963855421687
12 0.547851562500000 0.196385542168675 0.033203125000000 0.043373493975904
12 0.596191406250000 0.194578313253012 0.034179687500000 0.039759036144578
12 0.307617187500000 0.203012048192771 0.033203125000000 0.046987951807229
12 0.354980468750000 0.202409638554217 0.034179687500000 0.045783132530120
12 0.450683593750000 0.200602409638554 0.034179687500000 0.039759036144578
12 0.402832031250000 0.204216867469880 0.034179687500000 0.039759036144578
12 0.162597656250000 0.209036144578313 0.036132812500000 0.046987951807229
12 0.209960937500000 0.210843373493976 0.033203125000000 0.043373493975904
12 0.258789062500000 0.209036144578313 0.033203125000000 0.037349397590361
12 0.017089843750000 0.216265060240964 0.034179687500000 0.044578313253012
12 0.114257812500000 0.215662650602410 0.033203125000000 0.038554216867470
12 0.066406250000000 0.216867469879518 0.031250000000000 0.038554216867470
12 0.979980468750000 0.240361445783133 0.040039062500000 0.049397590361446
12 0.857910156250000 0.246385542168675 0.190429687500000 0.056626506024096
12 0.712402343750000 0.255421686746988 0.092773437500000 0.055421686746988
12 0.640136718750000 0.256024096385542 0.043945312500000 0.051807228915663
12 0.592285156250000 0.256626506024096 0.043945312500000 0.050602409638554
12 0.520996093750000 0.261445783132530 0.094726562500000 0.055421686746988
12 0.448730468750000 0.263253012048193 0.041992187500000 0.054216867469880
12 0.375488281250000 0.268674698795181 0.092773437500000 0.053012048192771
12 0.303710937500000 0.270481927710843 0.044921875000000 0.051807228915663
12 0.258300781250000 0.271084337349398 0.036132812500000 0.050602409638554
12 0.206542968750000 0.277108433734940 0.043945312500000 0.055421686746988
12 0.062500000000000 0.277108433734940 0.042968750000000 0.050602409638554
12 0.137695312500000 0.277108433734940 0.087890625000000 0.053012048192771
12 0.017578125000000 0.284337349397590 0.035156250000000 0.050602409638554
12 0.888671875000000 0.309638554216867 0.035156250000000 0.045783132530120
12 0.937500000000000 0.310240963855422 0.031250000000000 0.042168674698795
12 0.983398437500000 0.309638554216867 0.033203125000000 0.040963855421687
12 0.695800781250000 0.317469879518072 0.034179687500000 0.046987951807229
12 0.743652343750000 0.316867469879518 0.034179687500000 0.045783132530120
12 0.839843750000000 0.315060240963855 0.033203125000000 0.039759036144578
12 0.551269531250000 0.323493975903614 0.036132812500000 0.046987951807229
12 0.792480468750000 0.318072289156626 0.032226562500000 0.038554216867470
12 0.599609375000000 0.324096385542169 0.033203125000000 0.043373493975904
12 0.646484375000000 0.324096385542169 0.035156250000000 0.038554216867470
12 0.357910156250000 0.330722891566265 0.036132812500000 0.046987951807229
12 0.406250000000000 0.330722891566265 0.033203125000000 0.044578313253012
12 0.454589843750000 0.331325301204819 0.032226562500000 0.040963855421687
12 0.501953125000000 0.330120481927711 0.035156250000000 0.038554216867470
12 0.213378906250000 0.337349397590361 0.036132812500000 0.045783132530120
12 0.261718750000000 0.338554216867470 0.033203125000000 0.040963855421687
12 0.309570312500000 0.337349397590361 0.033203125000000 0.038554216867470
12 0.020996093750000 0.345180722891566 0.034179687500000 0.046987951807229
12 0.068847656250000 0.345180722891566 0.032226562500000 0.042168674698795
12 0.165039062500000 0.342771084337349 0.033203125000000 0.037349397590361
12 0.117675781250000 0.343975903614458 0.032226562500000 0.037349397590361
12 0.932617187500000 0.375903614457831 0.044921875000000 0.055421686746988
12 0.979492187500000 0.371084337349398 0.041015625000000 0.045783132530120
12 0.863769531250000 0.376506024096386 0.084960937500000 0.049397590361446
12 0.739746093750000 0.381927710843374 0.141601562500000 0.055421686746988
12 0.643066406250000 0.384337349397590 0.043945312500000 0.048192771084337
12 0.551269531250000 0.391566265060241 0.133789062500000 0.055421686746988
12 0.382324218750000 0.397590361445783 0.086914062500000 0.053012048192771
12 0.453613281250000 0.398192771084337 0.038085937500000 0.054216867469880
12 0.306152343750000 0.399397590361446 0.043945312500000 0.049397590361446
12 0.233886718750000 0.403614457831325 0.092773437500000 0.053012048192771
12 0.114746093750000 0.405421686746988 0.041992187500000 0.051807228915663
12 0.163085937500000 0.406024096385542 0.042968750000000 0.050602409638554
12 0.020019531250000 0.410843373493976 0.040039062500000 0.050602409638554
12 0.064941406250000 0.410843373493976 0.043945312500000 0.050602409638554
12 0.940429687500000 0.436746987951807 0.031250000000000 0.044578313253012
12 0.985839843750000 0.438554216867470 0.028320312500000 0.043373493975904
12 0.747070312500000 0.444578313253012 0.035156250000000 0.045783132530120
12 0.794921875000000 0.445783132530120 0.033203125000000 0.043373493975904
12 0.843261718750000 0.445783132530120 0.032226562500000 0.040963855421687
12 0.891113281250000 0.443373493975904 0.034179687500000 0.038554216867470
12 0.602539062500000 0.450602409638554 0.033203125000000 0.045783132530120
12 0.697753906250000 0.451807228915663 0.034179687500000 0.040963855421687
12 0.409667968750000 0.458433734939759 0.036132812500000 0.046987951807229
12 0.649902343750000 0.453614457831325 0.034179687500000 0.039759036144578
12 0.458007812500000 0.459036144578313 0.033203125000000 0.043373493975904
12 0.553222656250000 0.457228915662651 0.034179687500000 0.039759036144578
12 0.505859375000000 0.459036144578313 0.033203125000000 0.040963855421687
12 0.264160156250000 0.465060240963855 0.034179687500000 0.045783132530120
12 0.360839843750000 0.465060240963855 0.034179687500000 0.040963855421687
12 0.072753906250000 0.472289156626506 0.032226562500000 0.045783132530120
12 0.312500000000000 0.467469879518072 0.033203125000000 0.038554216867470
12 0.119628906250000 0.472891566265060 0.034179687500000 0.042168674698795
12 0.167968750000000 0.472289156626506 0.033203125000000 0.038554216867470
12 0.216796875000000 0.471686746987952 0.033203125000000 0.037349397590361
12 0.023925781250000 0.477710843373494 0.032226562500000 0.037349397590361
12 0.914062500000000 0.503614457831325 0.087890625000000 0.050602409638554
12 0.980468750000000 0.505421686746988 0.039062500000000 0.054216867469880
12 0.842773437500000 0.506024096385542 0.039062500000000 0.048192771084337
12 0.767578125000000 0.510843373493976 0.091796875000000 0.053012048192771
12 0.699218750000000 0.513253012048193 0.039062500000000 0.050602409638554
12 0.622558593750000 0.519879518072289 0.090820312500000 0.056626506024096
12 0.553710937500000 0.519879518072289 0.037109375000000 0.049397590361446
12 0.453613281250000 0.524698795180723 0.043945312500000 0.054216867469880
12 0.505859375000000 0.520481927710843 0.037109375000000 0.045783132530120
12 0.362304687500000 0.525903614457831 0.039062500000000 0.054216867469880
12 0.405761718750000 0.525903614457831 0.043945312500000 0.049397590361446
12 0.285156250000000 0.531927710843374 0.091796875000000 0.054216867469880
12 0.215820312500000 0.533132530120482 0.039062500000000 0.051807228915663
12 0.165039062500000 0.534337349397590 0.042968750000000 0.046987951807229
12 0.116699218750000 0.540963855421687 0.043945312500000 0.053012048192771
12 0.023437500000000 0.540963855421687 0.035156250000000 0.050602409638554
12 0.068847656250000 0.539759036144578 0.041992187500000 0.048192771084337
12 0.798339843750000 0.572289156626506 0.032226562500000 0.045783132530120
12 0.845703125000000 0.572891566265060 0.033203125000000 0.044578313253012
12 0.943847656250000 0.570481927710843 0.032226562500000 0.037349397590361
12 0.894531250000000 0.574096385542169 0.033203125000000 0.039759036144578
12 0.652832031250000 0.579518072289157 0.034179687500000 0.045783132530120
12 0.749511718750000 0.578313253012048 0.034179687500000 0.040963855421687
12 0.987792968750000 0.572891566265060 0.024414062500000 0.032530120481928
12 0.702148437500000 0.581325301204819 0.033203125000000 0.039759036144578
12 0.460937500000000 0.586746987951807 0.033203125000000 0.045783132530120
12 0.508300781250000 0.587349397590361 0.034179687500000 0.044578313253012
12 0.605468750000000 0.583734939759036 0.033203125000000 0.039759036144578
12 0.557128906250000 0.587951807228916 0.034179687500000 0.040963855421687
12 0.267578125000000 0.593975903614458 0.033203125000000 0.045783132530120
12 0.315917968750000 0.593373493975904 0.034179687500000 0.044578313253012
12 0.364257812500000 0.595783132530120 0.033203125000000 0.042168674698795
12 0.411132812500000 0.592771084337349 0.035156250000000 0.038554216867470
12 0.123535156250000 0.600000000000000 0.032226562500000 0.045783132530120
12 0.170410156250000 0.601807228915663 0.034179687500000 0.042168674698795
12 0.220214843750000 0.600602409638554 0.032226562500000 0.039759036144578
12 0.026855468750000 0.607228915662651 0.032226562500000 0.040963855421687
12 0.074707031250000 0.606626506024096 0.034179687500000 0.037349397590361
12 0.604980468750000 0.646987951807229 0.038085937500000 0.053012048192771
12 0.554199218750000 0.649397590361446 0.045898437500000 0.048192771084337
12 0.506347656250000 0.654819277108434 0.041992187500000 0.054216867469880
12 0.412109375000000 0.654819277108434 0.037109375000000 0.049397590361446
12 0.456542968750000 0.653614457831325 0.043945312500000 0.049397590361446
12 0.291503906250000 0.660843373493976 0.084960937500000 0.051807228915663
12 0.362304687500000 0.656626506024096 0.041015625000000 0.045783132530120
12 0.220214843750000 0.661445783132530 0.036132812500000 0.050602409638554
12 0.166992187500000 0.669879518072289 0.042968750000000 0.055421686746988
12 0.121582031250000 0.668072289156627 0.038085937500000 0.049397590361446
12 0.022949218750000 0.668674698795181 0.041992187500000 0.045783132530120
12 0.073730468750000 0.669879518072289 0.038085937500000 0.048192771084337
12 0.511718750000000 0.714457831325301 0.033203125000000 0.045783132530120
12 0.560546875000000 0.715662650602410 0.033203125000000 0.043373493975904
12 0.607910156250000 0.715060240963855 0.034179687500000 0.042168674698795
12 0.318847656250000 0.722289156626506 0.034179687500000 0.046987951807229
12 0.367187500000000 0.722289156626506 0.033203125000000 0.044578313253012
12 0.415039062500000 0.721686746987952 0.033203125000000 0.043373493975904
12 0.463378906250000 0.720481927710843 0.034179687500000 0.038554216867470
12 0.173828125000000 0.728915662650602 0.033203125000000 0.045783132530120
12 0.222656250000000 0.730120481927711 0.033203125000000 0.040963855421687
12 0.270507812500000 0.728915662650602 0.033203125000000 0.040963855421687
12 0.125976562500000 0.733734939759036 0.033203125000000 0.038554216867470
12 0.029785156250000 0.736746987951807 0.032226562500000 0.042168674698795
12 0.078125000000000 0.736144578313253 0.033203125000000 0.038554216867470
12 0.987304687500000 0.761445783132530 0.025390625000000 0.045783132530120
12 0.845214843750000 0.765662650602410 0.043945312500000 0.051807228915663
12 0.945312500000000 0.762650602409639 0.037109375000000 0.045783132530120
12 0.894531250000000 0.768674698795181 0.042968750000000 0.053012048192771
12 0.800781250000000 0.768674698795181 0.037109375000000 0.045783132530120
12 0.608398437500000 0.774096385542169 0.037109375000000 0.051807228915663
12 0.679687500000000 0.774096385542169 0.085937500000000 0.051807228915663
12 0.752929687500000 0.774096385542169 0.037109375000000 0.054216867469880
12 0.556152343750000 0.783132530120482 0.043945312500000 0.055421686746988
12 0.509277343750000 0.782530120481928 0.041992187500000 0.051807228915663
12 0.462402343750000 0.783132530120482 0.038085937500000 0.048192771084337
12 0.271484375000000 0.787349397590361 0.037109375000000 0.049397590361446
12 0.344238281250000 0.788554216867470 0.088867187500000 0.054216867469880
12 0.412597656250000 0.784939759036145 0.041992187500000 0.046987951807229
12 0.217773437500000 0.791566265060241 0.046875000000000 0.045783132530120
12 0.125976562500000 0.796987951807229 0.037109375000000 0.051807228915663
12 0.173339843750000 0.795783132530120 0.038085937500000 0.049397590361446
12 0.026367187500000 0.803012048192771 0.042968750000000 0.051807228915663
12 0.079101562500000 0.800602409638554 0.033203125000000 0.037349397590361
12 0.989746093750000 0.820481927710843 0.020507812500000 0.026506024096386
12 0.902343750000000 0.821686746987952 0.029296875000000 0.024096385542169
12 0.950195312500000 0.821686746987952 0.031250000000000 0.024096385542169
12 0.755859375000000 0.836746987951807 0.033203125000000 0.042168674698795
12 0.804687500000000 0.824698795180723 0.031250000000000 0.018072289156627
12 0.853027343750000 0.824096385542169 0.032226562500000 0.019277108433735
12 0.563476562500000 0.843373493975904 0.033203125000000 0.045783132530120
12 0.658691406250000 0.842168674698795 0.034179687500000 0.043373493975904
12 0.611328125000000 0.843373493975904 0.033203125000000 0.040963855421687
12 0.707519531250000 0.840361445783133 0.034179687500000 0.037349397590361
12 0.370117187500000 0.850000000000000 0.033203125000000 0.046987951807229
12 0.417968750000000 0.850000000000000 0.033203125000000 0.044578313253012
12 0.514160156250000 0.846987951807229 0.034179687500000 0.040963855421687
12 0.466308593750000 0.850602409638554 0.034179687500000 0.043373493975904
12 0.225585937500000 0.856626506024096 0.033203125000000 0.045783132530120
12 0.273437500000000 0.856626506024096 0.033203125000000 0.043373493975904
12 0.321777343750000 0.859036144578313 0.034179687500000 0.045783132530120
12 0.032226562500000 0.863855421686747 0.033203125000000 0.045783132530120
12 0.176757812500000 0.862048192771084 0.033203125000000 0.039759036144578
12 0.081542968750000 0.864457831325301 0.032226562500000 0.042168674698795
12 0.129394531250000 0.863855421686747 0.032226562500000 0.040963855421687
12 0.663574218750000 0.903614457831325 0.041992187500000 0.055421686746988
12 0.749511718750000 0.902409638554217 0.038085937500000 0.053012048192771
12 0.706054687500000 0.901807228915663 0.039062500000000 0.046987951807229
12 0.607421875000000 0.910843373493976 0.044921875000000 0.055421686746988
12 0.513671875000000 0.910240963855422 0.039062500000000 0.051807228915663
12 0.560058593750000 0.909036144578313 0.041992187500000 0.049397590361446
12 0.462890625000000 0.911445783132530 0.042968750000000 0.046987951807229
12 0.370117187500000 0.916265060240964 0.037109375000000 0.046987951807229
12 0.416503906250000 0.914457831325301 0.040039062500000 0.043373493975904
12 0.322753906250000 0.918674698795181 0.034179687500000 0.049397590361446
12 0.201660156250000 0.922891566265060 0.083007812500000 0.050602409638554
12 0.270996093750000 0.925301204819277 0.041992187500000 0.055421686746988
12 0.129882812500000 0.921686746987952 0.035156250000000 0.038554216867470
12 0.031738281250000 0.923493975903614 0.038085937500000 0.034939759036145
12 0.077148437500000 0.923493975903614 0.042968750000000 0.034939759036145
12 0.614746093750000 0.972891566265060 0.032226562500000 0.044578313253012
12 0.663085937500000 0.972289156626506 0.033203125000000 0.045783132530120
12 0.709960937500000 0.971084337349398 0.035156250000000 0.040963855421687
12 0.755859375000000 0.969277108433735 0.025390625000000 0.034939759036145
12 0.420410156250000 0.975301204819277 0.036132812500000 0.042168674698795
12 0.564453125000000 0.975301204819277 0.037109375000000 0.039759036144578
12 0.469726562500000 0.977108433734940 0.033203125000000 0.038554216867470
12 0.517578125000000 0.976506024096386 0.035156250000000 0.039759036144578
12 0.276855468750000 0.979518072289157 0.034179687500000 0.033734939759036
12 0.324218750000000 0.980120481927711 0.035156250000000 0.032530120481928
12 0.373046875000000 0.980120481927711 0.035156250000000 0.032530120481928
12 0.228515625000000 0.983132530120482 0.033203125000000 0.026506024096386
12 0.185058593750000 0.984337349397590 0.022460937500000 0.024096385542169
