2 0.105012964563526 0.372307692307692 0.042350907519447 0.033846153846154
1 0.103716508210890 0.420000000000000 0.048401037165082 0.036923076923077
2 0.105012964563526 0.459230769230769 0.045808124459810 0.035384615384615
2 0.104148660328436 0.499230769230769 0.047536732929991 0.035384615384615
2 0.107605877268799 0.537692307692308 0.040622299049265 0.035384615384615
2 0.109334485738980 0.576923076923077 0.037165082108902 0.033846153846154
2 0.108902333621435 0.613846153846154 0.038029386343993 0.036923076923077
1 0.105012964563526 0.653076923076923 0.044079515989628 0.035384615384615
1 0.103284356093345 0.689230769230769 0.047536732929991 0.033846153846154
3 0.105012964563526 0.726923076923077 0.045808124459810 0.035384615384615
1 0.104148660328436 0.763846153846154 0.047536732929991 0.035384615384615
1 0.103716508210890 0.803846153846154 0.048401037165082 0.035384615384615
1 0.103716508210890 0.843076923076923 0.048401037165082 0.036923076923077
1 0.103716508210890 0.881538461538461 0.048401037165082 0.036923076923077
1 0.106309420916162 0.918461538461538 0.043215211754538 0.036923076923077
1 0.203975799481417 0.426153846153846 0.046672428694901 0.036923076923077
2 0.202679343128781 0.466153846153846 0.044079515989628 0.036923076923077
1 0.201382886776145 0.502307692307692 0.044943820224719 0.035384615384615
1 0.201382886776145 0.542307692307692 0.044943820224719 0.035384615384615
2 0.201382886776145 0.579230769230769 0.044943820224719 0.035384615384615
1 0.200950734658600 0.618461538461539 0.044079515989628 0.036923076923077
1 0.200518582541054 0.655384615384615 0.043215211754538 0.033846153846154
2 0.200518582541054 0.695384615384615 0.043215211754538 0.033846153846154
2 0.200086430423509 0.733846153846154 0.042350907519447 0.033846153846154
1 0.200518582541054 0.770769230769231 0.043215211754538 0.033846153846154
1 0.200086430423509 0.808461538461538 0.042350907519447 0.035384615384615
1 0.200086430423509 0.846923076923077 0.042350907519447 0.035384615384615
1 0.200086430423509 0.883846153846154 0.042350907519447 0.032307692307692
2 0.293863439930856 0.356153846153846 0.043215211754538 0.035384615384615
1 0.292999135695765 0.394615384615385 0.044943820224719 0.035384615384615
2 0.292999135695765 0.431538461538462 0.044943820224719 0.035384615384615
1 0.291702679343129 0.468461538461538 0.047536732929991 0.032307692307692
1 0.289109766637857 0.506153846153846 0.042350907519447 0.033846153846154
1 0.294295592048401 0.543076923076923 0.042350907519447 0.036923076923077
1 0.292999135695765 0.580000000000000 0.044943820224719 0.033846153846154
1 0.290406222990493 0.619230769230769 0.041486603284356 0.035384615384615
1 0.292999135695765 0.656923076923077 0.044943820224719 0.033846153846154
2 0.289109766637857 0.694615384615385 0.044079515989628 0.035384615384615
2 0.289109766637857 0.731538461538462 0.044079515989628 0.032307692307692
1 0.289109766637857 0.770769230769231 0.044079515989628 0.030769230769231
2 0.289109766637857 0.807692307692308 0.044079515989628 0.033846153846154
1 0.288245462402766 0.846153846153846 0.042350907519447 0.036923076923077
1 0.287381158167675 0.884615384615385 0.040622299049265 0.033846153846154
1 0.287813310285220 0.918461538461538 0.041486603284356 0.033846153846154
2 0.343128781331029 0.139230769230769 0.041486603284356 0.035384615384615
1 0.342696629213483 0.175384615384615 0.042350907519447 0.033846153846154
2 0.341832324978392 0.213076923076923 0.044079515989628 0.035384615384615
1 0.342696629213483 0.249230769230769 0.042350907519447 0.033846153846154
1 0.341832324978392 0.286153846153846 0.044079515989628 0.033846153846154
1 0.340968020743302 0.323076923076923 0.042350907519447 0.036923076923077
2 0.341400172860847 0.359230769230769 0.044943820224719 0.035384615384615
1 0.341400172860847 0.397692307692308 0.043215211754538 0.032307692307692
1 0.341832324978392 0.433846153846154 0.044079515989628 0.033846153846154
1 0.339239412273120 0.470000000000000 0.047536732929991 0.032307692307692
1 0.340103716508211 0.507692307692308 0.044079515989628 0.030769230769231
1 0.342264477095938 0.543846153846154 0.039757994814175 0.032307692307692
1 0.341400172860847 0.580769230769231 0.044943820224719 0.032307692307692
2 0.338807260155575 0.618461538461539 0.046672428694901 0.033846153846154
1 0.340535868625756 0.656923076923077 0.044943820224719 0.033846153846154
2 0.337942955920484 0.693846153846154 0.044943820224719 0.033846153846154
1 0.337942955920484 0.731538461538462 0.044943820224719 0.032307692307692
2 0.337942955920484 0.767692307692308 0.044943820224719 0.036923076923077
1 0.338375108038029 0.806153846153846 0.045808124459810 0.033846153846154
1 0.337078651685393 0.844615384615385 0.043215211754538 0.033846153846154
2 0.336646499567848 0.881538461538461 0.042350907519447 0.033846153846154
1 0.336646499567848 0.918461538461538 0.042350907519447 0.033846153846154
2 0.433016421780467 0.010000000000000 0.038029386343993 0.020000000000000
2 0.433448573898012 0.036153846153846 0.042350907519447 0.035384615384615
2 0.432152117545376 0.073846153846154 0.043215211754538 0.036923076923077
1 0.434312878133103 0.109230769230769 0.044079515989628 0.033846153846154
2 0.434312878133103 0.144615384615385 0.044079515989628 0.036923076923077
1 0.434745030250648 0.183076923076923 0.043215211754538 0.036923076923077
1 0.435609334485739 0.219230769230769 0.041486603284356 0.035384615384615
1 0.434312878133103 0.255384615384615 0.044079515989628 0.033846153846154
1 0.435177182368194 0.293076923076923 0.042350907519447 0.035384615384615
2 0.433448573898012 0.328461538461538 0.045808124459810 0.035384615384615
2 0.431719965427831 0.366923076923077 0.045808124459810 0.035384615384615
1 0.430423509075194 0.403076923076923 0.044943820224719 0.033846153846154
1 0.432584269662921 0.439230769230769 0.044079515989628 0.035384615384615
1 0.431287813310285 0.476923076923077 0.044943820224719 0.033846153846154
1 0.433448573898012 0.515384615384615 0.044079515989628 0.036923076923077
1 0.435177182368194 0.551538461538462 0.042350907519447 0.035384615384615
1 0.436905790838375 0.588461538461538 0.038893690579084 0.035384615384615
1 0.435177182368194 0.623846153846154 0.042350907519447 0.035384615384615
1 0.432152117545376 0.659230769230769 0.043215211754538 0.035384615384615
1 0.432584269662921 0.698461538461538 0.042350907519447 0.033846153846154
1 0.433016421780467 0.734615384615385 0.039757994814175 0.032307692307692
1 0.432584269662921 0.771538461538462 0.045808124459810 0.035384615384615
1 0.432152117545376 0.809230769230769 0.044943820224719 0.033846153846154
2 0.433016421780467 0.845384615384615 0.044943820224719 0.035384615384615
1 0.431719965427831 0.882307692307692 0.040622299049265 0.035384615384615
1 0.429559204840104 0.920000000000000 0.043215211754538 0.036923076923077
1 0.430423509075194 0.956153846153846 0.044943820224719 0.035384615384615
1 0.430855661192740 0.986923076923077 0.045808124459810 0.026153846153846
1 0.474935177182368 0.008461538461538 0.044079515989628 0.016923076923077
1 0.477960242005186 0.036923076923077 0.043215211754538 0.036923076923077
2 0.479256698357822 0.074615384615385 0.040622299049265 0.035384615384615
1 0.477528089887640 0.111538461538462 0.040622299049265 0.032307692307692
1 0.478824546240277 0.146153846153846 0.041486603284356 0.033846153846154
1 0.478824546240277 0.183846153846154 0.041486603284356 0.035384615384615
1 0.478824546240277 0.221538461538462 0.041486603284356 0.033846153846154
1 0.478392394122731 0.256923076923077 0.042350907519447 0.033846153846154
1 0.478824546240277 0.293076923076923 0.041486603284356 0.035384615384615
1 0.478824546240277 0.330769230769231 0.041486603284356 0.033846153846154
1 0.479688850475367 0.368461538461538 0.039757994814175 0.035384615384615
1 0.475367329299914 0.404615384615385 0.043215211754538 0.033846153846154
1 0.477095937770095 0.478461538461538 0.041486603284356 0.033846153846154
1 0.478392394122731 0.516153846153846 0.042350907519447 0.032307692307692
2 0.478392394122731 0.551538461538462 0.042350907519447 0.035384615384615
2 0.480553154710458 0.589230769230769 0.038029386343993 0.033846153846154
1 0.478824546240277 0.624615384615385 0.041486603284356 0.033846153846154
2 0.477960242005186 0.660769230769231 0.043215211754538 0.035384615384615
1 0.478824546240277 0.696923076923077 0.041486603284356 0.033846153846154
1 0.477528089887640 0.734615384615385 0.044079515989628 0.035384615384615
1 0.478392394122731 0.771538461538462 0.042350907519447 0.035384615384615
1 0.478392394122731 0.808461538461538 0.042350907519447 0.035384615384615
1 0.477528089887640 0.845384615384615 0.042350907519447 0.035384615384615
1 0.477095937770095 0.883076923076923 0.044943820224719 0.033846153846154
1 0.475799481417459 0.919230769230769 0.042350907519447 0.035384615384615
1 0.477095937770095 0.954615384615385 0.041486603284356 0.035384615384615
1 0.476663785652550 0.986923076923077 0.042350907519447 0.026153846153846
1 0.567847882454624 0.010769230769231 0.041486603284356 0.021538461538462
1 0.566551426101988 0.043846153846154 0.038893690579084 0.032307692307692
2 0.565687121866897 0.079230769230769 0.045808124459810 0.035384615384615
2 0.567415730337079 0.119230769230769 0.040622299049265 0.032307692307692
1 0.566551426101988 0.156153846153846 0.044079515989628 0.035384615384615
1 0.567847882454624 0.192307692307692 0.041486603284356 0.033846153846154
1 0.567847882454624 0.226923076923077 0.041486603284356 0.035384615384615
2 0.564822817631806 0.263846153846154 0.045808124459810 0.035384615384615
1 0.564822817631806 0.300000000000000 0.045808124459810 0.036923076923077
1 0.566551426101988 0.336923076923077 0.042350907519447 0.033846153846154
1 0.566119273984443 0.373846153846154 0.043215211754538 0.033846153846154
1 0.562229904926534 0.410769230769231 0.044079515989628 0.033846153846154
1 0.562229904926534 0.445384615384615 0.037165082108902 0.032307692307692
2 0.563958513396716 0.481538461538462 0.037165082108902 0.033846153846154
3 0.563526361279170 0.514615384615385 0.046672428694901 0.035384615384615
1 0.565687121866897 0.553076923076923 0.045808124459810 0.035384615384615
2 0.566551426101988 0.590000000000000 0.044079515989628 0.035384615384615
1 0.566983578219533 0.626153846153846 0.043215211754538 0.033846153846154
2 0.564822817631806 0.662307692307692 0.044079515989628 0.035384615384615
1 0.561365600691443 0.699230769230769 0.042350907519447 0.035384615384615
1 0.563526361279170 0.735384615384615 0.043215211754538 0.033846153846154
2 0.563094209161625 0.773076923076923 0.045808124459810 0.035384615384615
1 0.562662057044080 0.810000000000000 0.044943820224719 0.035384615384615
1 0.561797752808989 0.846153846153846 0.039757994814175 0.033846153846154
2 0.566119273984443 0.883076923076923 0.044943820224719 0.033846153846154
2 0.564390665514261 0.919230769230769 0.043215211754538 0.032307692307692
3 0.563958513396716 0.955384615384615 0.038893690579084 0.033846153846154
1 0.566551426101988 0.986153846153846 0.044079515989628 0.027692307692308
1 0.614520311149525 0.014615384615385 0.041486603284356 0.029230769230769
2 0.611495246326707 0.047692307692308 0.044079515989628 0.036923076923077
1 0.611495246326707 0.083846153846154 0.042350907519447 0.032307692307692
2 0.611927398444252 0.121538461538462 0.043215211754538 0.036923076923077
1 0.611063094209162 0.157692307692308 0.039757994814175 0.032307692307692
1 0.612359550561798 0.193076923076923 0.045808124459810 0.035384615384615
1 0.613656006914434 0.227692307692308 0.038029386343993 0.033846153846154
1 0.613223854796888 0.263846153846154 0.044079515989628 0.035384615384615
1 0.612791702679343 0.301538461538462 0.041486603284356 0.033846153846154
1 0.611927398444252 0.339230769230769 0.041486603284356 0.032307692307692
1 0.612359550561798 0.376923076923077 0.037165082108902 0.033846153846154
2 0.610630942091616 0.412307692307692 0.045808124459810 0.033846153846154
1 0.611495246326707 0.448461538461538 0.044079515989628 0.035384615384615
1 0.611063094209162 0.482307692307692 0.039757994814175 0.035384615384615
1 0.611495246326707 0.519230769230769 0.040622299049265 0.035384615384615
2 0.611063094209162 0.553076923076923 0.043215211754538 0.035384615384615
4 0.612791702679343 0.591538461538462 0.038029386343993 0.032307692307692
2 0.612359550561798 0.624615384615385 0.035436473638721 0.033846153846154
2 0.609766637856526 0.662307692307692 0.040622299049265 0.035384615384615
4 0.610630942091616 0.699230769230769 0.044079515989628 0.035384615384615
1 0.612359550561798 0.734615384615385 0.044079515989628 0.035384615384615
2 0.610198789974071 0.771538461538462 0.043215211754538 0.032307692307692
5 0.609334485738980 0.813076923076923 0.044943820224719 0.032307692307692
1 0.610630942091616 0.846923076923077 0.044079515989628 0.032307692307692
2 0.611927398444252 0.885384615384615 0.041486603284356 0.035384615384615
1 0.611063094209162 0.920769230769231 0.043215211754538 0.032307692307692
2 0.609766637856526 0.953846153846154 0.040622299049265 0.033846153846154
1 0.613656006914434 0.986153846153846 0.039757994814175 0.027692307692308
1 0.700950734658600 0.200769230769231 0.043215211754538 0.035384615384615
2 0.693604148660328 0.304615384615385 0.033707865168539 0.033846153846154
1 0.699654278305964 0.341538461538462 0.045808124459810 0.033846153846154
1 0.700086430423509 0.376153846153846 0.043215211754538 0.035384615384615
1 0.696197061365601 0.413846153846154 0.038893690579084 0.033846153846154
1 0.694468452895419 0.449230769230769 0.040622299049265 0.036923076923077
2 0.697925669835782 0.526153846153846 0.045808124459810 0.036923076923077
1 0.696197061365601 0.562307692307692 0.042350907519447 0.035384615384615
1 0.696197061365601 0.597692307692308 0.044079515989628 0.032307692307692
2 0.695332757130510 0.633846153846154 0.042350907519447 0.033846153846154
2 0.696197061365601 0.667692307692308 0.044079515989628 0.033846153846154
1 0.695332757130510 0.703846153846154 0.042350907519447 0.035384615384615
1 0.697061365600691 0.739230769230769 0.044079515989628 0.035384615384615
2 0.695764909248055 0.773846153846154 0.043215211754538 0.033846153846154
1 0.695764909248055 0.810000000000000 0.041486603284356 0.035384615384615
2 0.694900605012965 0.849230769230769 0.038029386343993 0.036923076923077
1 0.700950734658600 0.919230769230769 0.043215211754538 0.032307692307692
1 0.696629213483146 0.954615384615385 0.044943820224719 0.032307692307692
2 0.696629213483146 0.986153846153846 0.044943820224719 0.027692307692308
1 0.661192739844425 0.411538461538462 0.022471910112360 0.072307692307692
2 0.325842696629214 0.959230769230769 0.048401037165082 0.038461538461538
2 0.136992221261884 0.967692307692308 0.021607605877269 0.055384615384615
1 0.158167675021608 0.983846153846154 0.024200518582541 0.032307692307692
1 0.774416594641314 0.752307692307692 0.017286084701815 0.076923076923077
1 0.244165946413137 0.244615384615385 0.021607605877269 0.064615384615385
2 0.219965427830596 0.266153846153846 0.021607605877269 0.049230769230769
2 0.201382886776145 0.287692307692308 0.019014693171997 0.043076923076923
1 0.179775280898876 0.300000000000000 0.020743301642178 0.040000000000000
2 0.156439066551426 0.324615384615385 0.022471910112360 0.052307692307692
2 0.136992221261884 0.337692307692308 0.021607605877269 0.035384615384615
