10 0.293888888888889 0.192095588235294 0.030000000000000 0.016544117647059
10 0.376666666666667 0.193014705882353 0.017777777777778 0.018382352941176
10 0.627222222222222 0.186580882352941 0.014444444444444 0.005514705882353
10 0.883888888888889 0.186580882352941 0.014444444444444 0.005514705882353
10 0.905555555555556 0.194852941176471 0.017777777777778 0.022058823529412
10 0.933888888888889 0.195772058823529 0.023333333333333 0.023897058823529
10 0.959444444444444 0.193014705882353 0.021111111111111 0.018382352941176
10 0.236666666666667 0.211397058823529 0.033333333333333 0.040441176470588
10 0.178333333333333 0.222426470588235 0.034444444444444 0.044117647058824
10 0.562222222222222 0.215992647058824 0.017777777777778 0.023897058823529
10 0.753888888888889 0.213235294117647 0.016666666666667 0.022058823529412
10 0.011111111111111 0.215992647058824 0.004444444444444 0.016544117647059
10 0.421111111111111 0.214154411764706 0.017777777777778 0.009191176470588
10 0.525555555555556 0.220588235294118 0.017777777777778 0.022058823529412
10 0.718888888888889 0.221507352941176 0.020000000000000 0.020220588235294
10 0.977222222222222 0.220588235294118 0.014444444444444 0.018382352941176
10 0.398333333333333 0.224264705882353 0.021111111111111 0.022058823529412
10 0.470555555555556 0.225183823529412 0.018888888888889 0.020220588235294
10 0.638333333333333 0.227022058823529 0.021111111111111 0.023897058823529
10 0.361666666666667 0.228860294117647 0.018888888888889 0.023897058823529
10 0.587222222222222 0.227941176470588 0.016666666666667 0.022058823529412
10 0.248888888888889 0.243566176470588 0.022222222222222 0.027573529411765
10 0.306666666666667 0.252757352941176 0.044444444444444 0.049632352941176
10 0.142222222222222 0.247242647058824 0.017777777777778 0.020220588235294
10 0.741111111111111 0.253676470588235 0.017777777777778 0.022058823529412
10 0.422777777777778 0.258272058823529 0.021111111111111 0.023897058823529
10 0.654444444444444 0.258272058823529 0.020000000000000 0.023897058823529
10 0.492222222222222 0.264705882352941 0.020000000000000 0.025735294117647
10 0.826666666666667 0.258272058823529 0.006666666666667 0.016544117647059
10 0.885555555555556 0.261029411764706 0.017777777777778 0.022058823529412
10 0.101111111111111 0.264705882352941 0.017777777777778 0.022058823529412
10 0.813333333333333 0.274816176470588 0.006666666666667 0.016544117647059
10 0.842777777777778 0.272977941176471 0.007777777777778 0.016544117647059
10 0.858888888888889 0.273897058823529 0.015555555555556 0.018382352941176
10 0.246666666666667 0.277573529411765 0.013333333333333 0.007352941176471
10 0.717222222222222 0.286764705882353 0.018888888888889 0.025735294117647
10 0.935555555555556 0.284007352941176 0.017777777777778 0.020220588235294
10 0.186666666666667 0.290441176470588 0.020000000000000 0.025735294117647
10 0.462777777777778 0.300551470588235 0.030000000000000 0.042279411764706
10 0.797777777777778 0.287683823529412 0.006666666666667 0.016544117647059
10 0.842222222222222 0.296875000000000 0.015555555555556 0.023897058823529
10 0.030555555555556 0.299632352941176 0.021111111111111 0.025735294117647
10 0.371111111111111 0.302389705882353 0.020000000000000 0.027573529411765
10 0.637222222222222 0.303308823529412 0.027777777777778 0.033088235294118
10 0.746666666666667 0.298713235294118 0.017777777777778 0.023897058823529
10 0.785555555555556 0.300551470588235 0.006666666666667 0.016544117647059
10 0.249444444444444 0.319852941176471 0.021111111111111 0.025735294117647
10 0.402222222222222 0.317095588235294 0.017777777777778 0.020220588235294
10 0.770000000000000 0.313419117647059 0.011111111111111 0.016544117647059
10 0.077777777777778 0.324448529411765 0.015555555555556 0.023897058823529
10 0.625000000000000 0.341911764705882 0.030000000000000 0.040441176470588
10 0.108333333333333 0.336397058823529 0.016666666666667 0.022058823529412
10 0.503333333333333 0.340073529411765 0.020000000000000 0.025735294117647
10 0.735000000000000 0.338235294117647 0.016666666666667 0.022058823529412
10 0.831111111111111 0.339154411764706 0.017777777777778 0.020220588235294
10 0.305555555555556 0.347426470588235 0.020000000000000 0.025735294117647
10 0.550555555555556 0.352022058823529 0.021111111111111 0.034926470588235
10 0.367222222222222 0.345588235294118 0.012222222222222 0.007352941176471
10 0.035555555555556 0.360294117647059 0.024444444444444 0.029411764705882
10 0.477222222222222 0.361213235294118 0.016666666666667 0.023897058823529
10 0.597222222222222 0.374080882352941 0.058888888888889 0.049632352941176
10 0.441111111111111 0.366727941176471 0.020000000000000 0.027573529411765
10 0.935000000000000 0.364889705882353 0.016666666666667 0.020220588235294
10 0.353333333333333 0.370404411764706 0.020000000000000 0.023897058823529
10 0.378333333333333 0.361213235294118 0.012222222222222 0.009191176470588
10 0.713888888888889 0.375919117647059 0.034444444444444 0.023897058823529
10 0.819444444444444 0.377757352941176 0.016666666666667 0.020220588235294
10 0.115000000000000 0.386948529411765 0.021111111111111 0.027573529411765
10 0.504444444444444 0.387867647058824 0.017777777777778 0.022058823529412
10 0.539444444444444 0.391544117647059 0.023333333333333 0.033088235294118
10 0.875555555555556 0.389705882352941 0.017777777777778 0.025735294117647
10 0.457222222222222 0.399816176470588 0.032222222222222 0.038602941176471
10 0.898888888888889 0.388786764705882 0.020000000000000 0.020220588235294
10 0.021111111111111 0.396139705882353 0.024444444444444 0.027573529411765
10 0.194444444444444 0.402573529411765 0.035555555555556 0.040441176470588
10 0.852777777777778 0.396139705882353 0.021111111111111 0.023897058823529
10 0.976111111111111 0.395220588235294 0.007777777777778 0.014705882352941
10 0.585000000000000 0.414522058823529 0.058888888888889 0.049632352941176
10 0.696111111111111 0.403492647058824 0.016666666666667 0.023897058823529
10 0.925555555555556 0.400735294117647 0.020000000000000 0.022058823529412
10 0.417222222222222 0.418198529411765 0.034444444444444 0.038602941176471
10 0.953888888888889 0.412683823529412 0.016666666666667 0.020220588235294
10 0.291666666666667 0.430147058823529 0.025555555555556 0.040441176470588
10 0.806666666666667 0.419117647058824 0.017777777777778 0.022058823529412
10 0.888333333333333 0.426470588235294 0.023333333333333 0.036764705882353
10 0.525555555555556 0.431985294117647 0.022222222222222 0.033088235294118
10 0.846666666666667 0.427389705882353 0.020000000000000 0.020220588235294
10 0.714444444444444 0.431066176470588 0.020000000000000 0.020220588235294
10 0.915000000000000 0.440257352941176 0.023333333333333 0.038602941176471
10 0.314444444444444 0.441176470588235 0.020000000000000 0.025735294117647
10 0.337222222222222 0.452205882352941 0.030000000000000 0.047794117647059
10 0.028888888888889 0.449448529411765 0.022222222222222 0.034926470588235
10 0.174444444444444 0.454044117647059 0.033333333333333 0.044117647058824
10 0.572222222222222 0.454963235294118 0.057777777777778 0.049632352941176
10 0.941666666666667 0.453125000000000 0.023333333333333 0.038602941176471
10 0.255000000000000 0.445772058823529 0.010000000000000 0.016544117647059
10 0.662777777777778 0.454044117647059 0.021111111111111 0.025735294117647
10 0.116666666666667 0.465992647058824 0.033333333333333 0.034926470588235
10 0.370555555555556 0.466911764705882 0.016666666666667 0.025735294117647
10 0.478333333333333 0.469669117647059 0.016666666666667 0.023897058823529
10 0.850555555555556 0.477941176470588 0.023333333333333 0.040441176470588
10 0.902222222222222 0.477022058823529 0.015555555555556 0.031250000000000
10 0.245555555555556 0.476102941176471 0.017777777777778 0.022058823529412
10 0.693333333333333 0.477022058823529 0.017777777777778 0.023897058823529
10 0.653888888888889 0.483455882352941 0.018888888888889 0.022058823529412
10 0.914444444444444 0.483455882352941 0.013333333333333 0.025735294117647
10 0.017222222222222 0.493566176470588 0.016666666666667 0.034926470588235
10 0.880555555555556 0.486213235294118 0.018888888888889 0.023897058823529
10 0.925000000000000 0.488970588235294 0.012222222222222 0.025735294117647
10 0.936111111111111 0.493566176470588 0.012222222222222 0.027573529411765
10 0.153888888888889 0.505514705882353 0.036666666666667 0.044117647058824
10 0.947222222222222 0.497242647058824 0.014444444444444 0.027573529411765
10 0.552777777777778 0.523897058823529 0.072222222222222 0.077205882352941
10 0.808333333333333 0.491727941176471 0.014444444444444 0.012867647058824
10 0.251666666666667 0.510110294117647 0.052222222222222 0.042279411764706
10 0.958333333333333 0.501838235294118 0.014444444444444 0.025735294117647
10 0.969444444444444 0.507352941176471 0.012222222222222 0.025735294117647
10 0.498888888888889 0.512867647058823 0.022222222222222 0.033088235294118
10 0.891666666666667 0.512867647058823 0.018888888888889 0.025735294117647
10 0.980000000000000 0.512867647058823 0.013333333333333 0.025735294117647
10 0.286111111111111 0.519301470588235 0.021111111111111 0.027573529411765
10 0.093333333333333 0.527573529411765 0.037777777777778 0.040441176470588
10 0.309444444444444 0.532169117647059 0.030000000000000 0.049632352941176
10 0.410555555555556 0.522058823529412 0.021111111111111 0.025735294117647
10 0.053333333333333 0.524816176470588 0.020000000000000 0.027573529411765
10 0.865000000000000 0.526654411764706 0.023333333333333 0.027573529411765
10 0.681666666666667 0.525735294117647 0.018888888888889 0.022058823529412
10 0.835555555555556 0.525735294117647 0.013333333333333 0.014705882352941
10 0.225555555555556 0.533088235294118 0.017777777777778 0.022058823529412
10 0.634444444444444 0.535845588235294 0.017777777777778 0.020220588235294
10 0.380555555555556 0.543198529411765 0.016666666666667 0.027573529411765
10 0.782777777777778 0.542279411764706 0.016666666666667 0.025735294117647
10 0.402222222222222 0.554227941176471 0.022222222222222 0.027573529411765
10 0.674444444444444 0.555147058823529 0.022222222222222 0.025735294117647
10 0.819444444444444 0.563419117647059 0.018888888888889 0.045955882352941
10 0.239444444444444 0.571691176470588 0.027777777777778 0.044117647058824
10 0.857777777777778 0.559742647058823 0.017777777777778 0.023897058823529
10 0.100555555555556 0.606617647058823 0.130000000000000 0.110294117647059
10 0.366111111111111 0.584558823529412 0.065555555555556 0.066176470588235
10 0.618333333333333 0.563419117647059 0.016666666666667 0.023897058823529
10 0.213888888888889 0.566176470588235 0.021111111111111 0.022058823529412
10 0.547222222222222 0.585477941176471 0.032222222222222 0.042279411764706
10 0.641666666666667 0.574448529411765 0.018888888888889 0.023897058823529
10 0.744444444444444 0.592830882352941 0.026666666666667 0.049632352941176
10 0.286111111111111 0.594669117647059 0.032222222222222 0.049632352941176
10 0.845555555555556 0.585477941176471 0.017777777777778 0.023897058823529
10 0.655555555555556 0.622242647058823 0.040000000000000 0.090073529411765
10 0.919444444444444 0.604779411764706 0.023333333333333 0.055147058823529
10 0.471666666666667 0.598345588235294 0.023333333333333 0.034926470588235
10 0.796111111111111 0.600183823529412 0.016666666666667 0.027573529411765
10 0.871111111111111 0.596507352941177 0.013333333333333 0.023897058823529
10 0.881666666666667 0.601102941176471 0.014444444444444 0.029411764705882
10 0.946111111111111 0.595588235294118 0.018888888888889 0.022058823529412
10 0.012222222222222 0.601102941176471 0.006666666666667 0.025735294117647
10 0.187777777777778 0.620404411764706 0.042222222222222 0.064338235294118
10 0.519444444444444 0.620404411764706 0.061111111111111 0.053308823529412
10 0.613333333333333 0.603860294117647 0.017777777777778 0.020220588235294
10 0.891666666666667 0.608455882352941 0.014444444444444 0.029411764705882
10 0.903333333333333 0.613970588235294 0.013333333333333 0.029411764705882
10 0.844444444444444 0.615808823529412 0.020000000000000 0.025735294117647
10 0.238888888888889 0.643382352941177 0.037777777777778 0.069852941176471
10 0.925555555555556 0.625919117647059 0.013333333333333 0.027573529411765
10 0.937777777777778 0.626838235294118 0.013333333333333 0.033088235294118
10 0.596666666666667 0.632352941176471 0.017777777777778 0.025735294117647
10 0.947777777777778 0.634191176470588 0.013333333333333 0.025735294117647
10 0.969444444444444 0.632352941176471 0.021111111111111 0.022058823529412
10 0.740000000000000 0.651654411764706 0.048888888888889 0.053308823529412
10 0.371666666666667 0.645220588235294 0.021111111111111 0.025735294117647
10 0.621666666666667 0.644301470588235 0.016666666666667 0.023897058823529
10 0.305000000000000 0.651654411764706 0.021111111111111 0.027573529411765
10 0.806111111111111 0.662683823529412 0.018888888888889 0.049632352941176
10 0.835555555555556 0.649816176470588 0.020000000000000 0.023897058823529
10 0.870555555555556 0.667279411764706 0.036666666666667 0.058823529411765
10 0.266666666666667 0.657169117647059 0.022222222222222 0.027573529411765
10 0.521666666666667 0.670036764705882 0.038888888888889 0.049632352941176
10 0.073333333333333 0.761029411764706 0.128888888888889 0.227941176470588
10 0.962222222222222 0.672794117647059 0.022222222222222 0.047794117647059
10 0.905000000000000 0.665441176470588 0.018888888888889 0.025735294117647
10 0.585000000000000 0.677389705882353 0.021111111111111 0.027573529411765
10 0.628333333333333 0.682904411764706 0.038888888888889 0.038602941176471
10 0.747777777777778 0.687500000000000 0.017777777777778 0.040441176470588
10 0.903888888888889 0.695772058823529 0.038888888888889 0.060661764705882
10 0.921666666666667 0.673713235294118 0.012222222222222 0.009191176470588
10 0.832222222222222 0.686580882352941 0.020000000000000 0.027573529411765
10 0.322222222222222 0.715992647058823 0.071111111111111 0.075367647058824
10 0.202777777777778 0.714154411764706 0.036666666666667 0.064338235294118
10 0.717777777777778 0.718750000000000 0.022222222222222 0.073529411764706
10 0.459444444444444 0.704963235294118 0.018888888888889 0.023897058823529
10 0.735000000000000 0.704963235294118 0.010000000000000 0.016544117647059
10 0.540000000000000 0.710477941176471 0.020000000000000 0.023897058823529
10 0.248888888888889 0.738970588235294 0.040000000000000 0.073529411764706
10 0.626111111111111 0.715992647058823 0.023333333333333 0.027573529411765
10 0.780000000000000 0.718750000000000 0.028888888888889 0.033088235294118
10 0.857222222222222 0.718750000000000 0.018888888888889 0.029411764705882
10 0.873333333333333 0.706801470588235 0.013333333333333 0.009191176470588
10 0.162777777777778 0.723345588235294 0.034444444444444 0.034926470588235
10 0.937777777777778 0.725183823529412 0.017777777777778 0.023897058823529
10 0.881666666666667 0.730698529411765 0.021111111111111 0.027573529411765
10 0.593333333333333 0.734375000000000 0.017777777777778 0.023897058823529
10 0.801666666666667 0.733455882352941 0.012222222222222 0.025735294117647
10 0.816111111111111 0.736213235294118 0.010000000000000 0.027573529411765
10 0.956111111111111 0.735294117647059 0.021111111111111 0.029411764705882
10 0.701111111111111 0.736213235294118 0.011111111111111 0.016544117647059
10 0.828888888888889 0.741727941176471 0.011111111111111 0.027573529411765
10 0.617222222222222 0.749080882352941 0.021111111111111 0.023897058823529
10 0.843888888888889 0.749080882352941 0.010000000000000 0.027573529411765
10 0.905555555555556 0.748161764705882 0.020000000000000 0.025735294117647
10 0.747777777777778 0.746323529411765 0.022222222222222 0.014705882352941
10 0.857222222222222 0.758272058823529 0.014444444444444 0.031250000000000
10 0.426111111111111 0.761948529411765 0.018888888888889 0.027573529411765
10 0.933333333333333 0.789522058823529 0.051111111111111 0.086397058823529
10 0.976666666666667 0.760110294117647 0.020000000000000 0.023897058823529
10 0.313333333333333 0.774816176470588 0.080000000000000 0.049632352941176
10 0.692777777777778 0.764705882352941 0.018888888888889 0.029411764705882
10 0.870000000000000 0.763786764705882 0.013333333333333 0.027573529411765
10 0.584444444444444 0.769301470588235 0.017777777777778 0.023897058823529
10 0.753333333333333 0.771139705882353 0.037777777777778 0.027573529411765
10 0.783888888888889 0.770220588235294 0.018888888888889 0.025735294117647
10 0.728888888888889 0.784926470588235 0.040000000000000 0.044117647058824
10 0.885555555555556 0.774816176470588 0.008888888888889 0.027573529411765
10 0.138333333333333 0.788602941176471 0.041111111111111 0.044117647058824
10 0.897777777777778 0.779411764705882 0.013333333333333 0.029411764705882
10 0.608888888888889 0.781250000000000 0.017777777777778 0.025735294117647
10 0.960555555555556 0.802389705882353 0.036666666666667 0.049632352941176
10 0.227222222222222 0.786764705882353 0.014444444444444 0.014705882352941
10 0.681666666666667 0.805147058823529 0.023333333333333 0.047794117647059
10 0.857222222222222 0.793198529411765 0.018888888888889 0.027573529411765
10 0.835555555555556 0.795955882352941 0.017777777777778 0.025735294117647
10 0.571666666666667 0.797794117647059 0.021111111111111 0.022058823529412
10 0.757777777777778 0.802389705882353 0.017777777777778 0.027573529411765
10 0.173888888888889 0.823529411764706 0.041111111111111 0.062500000000000
10 0.718333333333333 0.809742647058823 0.041111111111111 0.031250000000000
10 0.876666666666667 0.806985294117647 0.020000000000000 0.025735294117647
10 0.598333333333333 0.812500000000000 0.018888888888889 0.025735294117647
10 0.811666666666667 0.809742647058823 0.018888888888889 0.023897058823529
10 0.899444444444444 0.810661764705882 0.018888888888889 0.025735294117647
10 0.780555555555556 0.820772058823529 0.018888888888889 0.023897058823529
10 0.358333333333333 0.832720588235294 0.023333333333333 0.029411764705882
10 0.575000000000000 0.846507352941177 0.052222222222222 0.056985294117647
10 0.302777777777778 0.841911764705882 0.054444444444444 0.044117647058824
10 0.958333333333333 0.839154411764706 0.038888888888889 0.031250000000000
10 0.250555555555556 0.876838235294118 0.061111111111111 0.099264705882353
10 0.401111111111111 0.842830882352941 0.020000000000000 0.027573529411765
10 0.669444444444444 0.840992647058823 0.016666666666667 0.023897058823529
10 0.732777777777778 0.841911764705882 0.038888888888889 0.029411764705882
10 0.531666666666667 0.844669117647059 0.021111111111111 0.023897058823529
10 0.455000000000000 0.847426470588235 0.014444444444444 0.011029411764706
10 0.717222222222222 0.853860294117647 0.023333333333333 0.012867647058824
10 0.116111111111111 0.866727941176471 0.023333333333333 0.031250000000000
10 0.940555555555556 0.864889705882353 0.021111111111111 0.016544117647059
10 0.441111111111111 0.875919117647059 0.022222222222222 0.031250000000000
10 0.713333333333333 0.871323529411765 0.022222222222222 0.014705882352941
10 0.983333333333333 0.875919117647059 0.015555555555556 0.023897058823529
10 0.637222222222222 0.893382352941177 0.027777777777778 0.051470588235294
10 0.741666666666667 0.881433823529412 0.021111111111111 0.023897058823529
10 0.171666666666667 0.887867647058823 0.021111111111111 0.025735294117647
10 0.935555555555556 0.882352941176471 0.022222222222222 0.014705882352941
10 0.311666666666667 0.918198529411765 0.041111111111111 0.079044117647059
10 0.708888888888889 0.889705882352941 0.020000000000000 0.014705882352941
10 0.827222222222222 0.895220588235294 0.021111111111111 0.022058823529412
10 0.363333333333333 0.914522058823529 0.033333333333333 0.056985294117647
10 0.914444444444444 0.911764705882353 0.046666666666667 0.033088235294118
10 0.931666666666667 0.900735294117647 0.021111111111111 0.014705882352941
10 0.703333333333333 0.907169117647059 0.020000000000000 0.016544117647059
10 0.976666666666667 0.910845588235294 0.020000000000000 0.023897058823529
10 0.011111111111111 0.914522058823529 0.004444444444444 0.023897058823529
10 0.229444444444444 0.919117647058823 0.021111111111111 0.029411764705882
10 0.175555555555556 0.936580882352941 0.048888888888889 0.053308823529412
10 0.210555555555556 0.918198529411765 0.012222222222222 0.020220588235294
10 0.557222222222222 0.922794117647059 0.021111111111111 0.025735294117647
10 0.658333333333333 0.921875000000000 0.021111111111111 0.027573529411765
10 0.413888888888889 0.937500000000000 0.034444444444444 0.051470588235294
10 0.697777777777778 0.925551470588235 0.020000000000000 0.016544117647059
10 0.726666666666667 0.931066176470588 0.020000000000000 0.027573529411765
10 0.824444444444444 0.929227941176471 0.020000000000000 0.023897058823529
10 0.637777777777778 0.937500000000000 0.017777777777778 0.025735294117647
10 0.596111111111111 0.940257352941177 0.018888888888889 0.027573529411765
10 0.242777777777778 0.946691176470588 0.021111111111111 0.029411764705882
10 0.931666666666667 0.946691176470588 0.041111111111111 0.033088235294118
10 0.541111111111111 0.950367647058823 0.026666666666667 0.025735294117647
10 0.338888888888889 0.952205882352941 0.024444444444444 0.022058823529412
10 0.268888888888889 0.954044117647059 0.020000000000000 0.018382352941176
10 0.453333333333333 0.954963235294118 0.024444444444444 0.016544117647059
10 0.970555555555556 0.954044117647059 0.021111111111111 0.018382352941176
10 0.738888888888889 0.955882352941177 0.017777777777778 0.014705882352941
10 0.918888888888889 0.956801470588235 0.017777777777778 0.012867647058824
10 0.568333333333333 0.958639705882353 0.018888888888889 0.009191176470588
10 0.683333333333333 0.957720588235294 0.020000000000000 0.011029411764706
10 0.204444444444444 0.959558823529412 0.011111111111111 0.007352941176471
