8 0.879882812500000 0.375366568914956 0.240234375000000 0.498533724340176
8 0.546875000000000 0.391495601173021 0.242187500000000 0.519061583577713
8 0.571289062500000 0.170087976539589 0.017578125000000 0.023460410557185
8 0.524414062500000 0.212609970674487 0.017578125000000 0.055718475073314
8 0.710937500000000 0.461876832844575 0.101562500000000 0.519061583577713
8 0.974609375000000 0.372434017595308 0.050781250000000 0.258064516129032
8 0.758789062500000 0.274193548387097 0.017578125000000 0.032258064516129
8 0.793945312500000 0.294721407624633 0.021484375000000 0.067448680351906
8 0.413085937500000 0.294721407624633 0.017578125000000 0.032258064516129
8 0.417968750000000 0.516129032258065 0.089843750000000 0.381231671554252
8 0.745117187500000 0.363636363636364 0.021484375000000 0.076246334310850
8 0.953125000000000 0.425219941348974 0.007812500000000 0.046920821114370
8 0.211914062500000 0.441348973607038 0.064453125000000 0.073313782991202
8 0.269531250000000 0.447214076246334 0.031250000000000 0.038123167155425
8 0.200195312500000 0.733137829912023 0.400390625000000 0.533724340175953
8 0.174804687500000 0.500000000000000 0.044921875000000 0.049853372434018
8 0.993164062500000 0.543988269794721 0.013671875000000 0.073313782991202
8 0.965820312500000 0.549853372434018 0.021484375000000 0.038123167155425
8 0.556640625000000 0.573313782991202 0.023437500000000 0.067448680351906
8 0.530273437500000 0.587976539589443 0.013671875000000 0.038123167155425
8 0.686523437500000 0.618768328445748 0.021484375000000 0.064516129032258
8 0.609375000000000 0.614369501466276 0.007812500000000 0.038123167155425
8 0.989257812500000 0.602639296187683 0.021484375000000 0.020527859237537
8 0.530273437500000 0.639296187683284 0.025390625000000 0.046920821114370
8 0.980468750000000 0.782991202346041 0.039062500000000 0.275659824046921
8 0.016601562500000 0.700879765395894 0.021484375000000 0.035190615835777
8 0.462890625000000 0.840175953079179 0.117187500000000 0.319648093841642
8 0.859375000000000 0.705278592375367 0.015625000000000 0.032258064516129
8 0.639648437500000 0.719941348973607 0.021484375000000 0.038123167155425
8 0.708984375000000 0.756598240469208 0.023437500000000 0.046920821114370
8 0.933593750000000 0.771260997067449 0.011718750000000 0.023460410557185
8 0.634765625000000 0.835777126099707 0.039062500000000 0.111436950146628
8 0.910156250000000 0.910557184750733 0.035156250000000 0.067448680351906
8 0.638671875000000 0.960410557184751 0.019531250000000 0.055718475073314
8 0.194335937500000 0.972140762463343 0.037109375000000 0.055718475073314
8 0.754882812500000 0.972140762463343 0.044921875000000 0.055718475073314
8 0.592773437500000 0.976539589442815 0.041015625000000 0.046920821114370
8 0.982421875000000 0.982404692082111 0.035156250000000 0.035190615835777
8 0.395507812500000 0.988269794721408 0.025390625000000 0.023460410557185
