1 0.015989628349179 0.199230769230769 0.031979256698358 0.143076923076923
1 0.056179775280899 0.206923076923077 0.038029386343993 0.136923076923077
4 0.097234226447710 0.209230769230769 0.037165082108902 0.150769230769231
1 0.138288677614520 0.207692307692308 0.036300777873812 0.153846153846154
1 0.180639585133967 0.209230769230769 0.034572169403630 0.150769230769231
1 0.221261884183233 0.203076923076923 0.034572169403630 0.120000000000000
1 0.260587726879862 0.203846153846154 0.037165082108902 0.146153846153846
1 0.303802938634399 0.204615384615385 0.033707865168539 0.147692307692308
1 0.345721694036301 0.215384615384615 0.034572169403630 0.138461538461538
1 0.385911840968021 0.216923076923077 0.035436473638721 0.135384615384615
1 0.425669835782195 0.213846153846154 0.033707865168539 0.141538461538462
1 0.468452895419188 0.206923076923077 0.032843560933449 0.146153846153846
1 0.508643042350908 0.200000000000000 0.037165082108902 0.144615384615385
1 0.550993949870354 0.204615384615385 0.037165082108902 0.153846153846154
1 0.591616248919620 0.198461538461538 0.035436473638721 0.141538461538462
2 0.632238547968885 0.203846153846154 0.035436473638721 0.152307692307692
2 0.671996542783060 0.205384615384615 0.035436473638721 0.155384615384615
1 0.711754537597234 0.211538461538462 0.033707865168539 0.146153846153846
1 0.752808988764045 0.206923076923077 0.036300777873812 0.149230769230769
1 0.793431287813310 0.212307692307692 0.034572169403630 0.135384615384615
1 0.834917891097666 0.208461538461538 0.034572169403630 0.152307692307692
2 0.874675885911841 0.203846153846154 0.034572169403630 0.152307692307692
1 0.911840968020743 0.203846153846154 0.032843560933449 0.143076923076923
2 0.952463267070009 0.196153846153846 0.036300777873812 0.136923076923077
2 0.985306828003457 0.203076923076923 0.029386343993086 0.144615384615385
1 0.015989628349179 0.365384615384615 0.031979256698358 0.143076923076923
1 0.056179775280899 0.370000000000000 0.038029386343993 0.152307692307692
1 0.097234226447710 0.369230769230769 0.037165082108902 0.144615384615385
1 0.138720829732066 0.379230769230769 0.035436473638721 0.143076923076923
1 0.180639585133967 0.376923076923077 0.034572169403630 0.147692307692308
1 0.222558340535869 0.368461538461538 0.031979256698358 0.149230769230769
1 0.263612791702679 0.376923076923077 0.031114952463267 0.147692307692308
1 0.303370786516854 0.372307692307692 0.034572169403630 0.153846153846154
1 0.345721694036301 0.375384615384615 0.034572169403630 0.120000000000000
2 0.385479688850475 0.382307692307692 0.036300777873812 0.136923076923077
2 0.426966292134831 0.369230769230769 0.034572169403630 0.141538461538462
1 0.467156439066551 0.366153846153846 0.033707865168539 0.144615384615385
1 0.509075194468453 0.363076923076923 0.034572169403630 0.138461538461538
2 0.549265341400173 0.366923076923077 0.035436473638721 0.146153846153846
1 0.590751944684529 0.360000000000000 0.035436473638721 0.132307692307692
1 0.630942091616249 0.372307692307692 0.032843560933449 0.144615384615385
1 0.670700086430424 0.366153846153846 0.032843560933449 0.144615384615385
1 0.713915298184961 0.366153846153846 0.038029386343993 0.144615384615385
1 0.751512532411409 0.371538461538462 0.033707865168539 0.130769230769231
1 0.792134831460674 0.385384615384615 0.031979256698358 0.127692307692308
1 0.833189282627485 0.369230769230769 0.031114952463267 0.150769230769231
1 0.873811581676750 0.368461538461538 0.032843560933449 0.140000000000000
1 0.912705272255834 0.364615384615385 0.034572169403630 0.141538461538462
2 0.950734658599827 0.376153846153846 0.032843560933449 0.149230769230769
1 0.985306828003457 0.370769230769231 0.029386343993086 0.153846153846154
2 0.021175453759723 0.673076923076923 0.033707865168539 0.149230769230769
2 0.063094209161625 0.674615384615385 0.038029386343993 0.146153846153846
1 0.103284356093345 0.658461538461538 0.037165082108902 0.135384615384615
1 0.143906655142610 0.666153846153846 0.037165082108902 0.150769230769231
2 0.184961106309421 0.666923076923077 0.036300777873812 0.152307692307692
1 0.224719101123595 0.664615384615385 0.036300777873812 0.141538461538462
1 0.265773552290406 0.660000000000000 0.035436473638721 0.138461538461538
2 0.306828003457217 0.667692307692308 0.032843560933449 0.150769230769231
1 0.347018150388937 0.678461538461538 0.033707865168539 0.138461538461538
2 0.386776145203111 0.672307692307692 0.033707865168539 0.150769230769231
1 0.427398444252377 0.669230769230769 0.035436473638721 0.156923076923077
3 0.469749351771824 0.665384615384615 0.033707865168539 0.149230769230769
4 0.508643042350908 0.660769230769231 0.035436473638721 0.124615384615385
4 0.546240276577355 0.655384615384615 0.034572169403630 0.129230769230769
1 0.583837510803803 0.660000000000000 0.033707865168539 0.138461538461538
1 0.624891961970614 0.666923076923077 0.032843560933449 0.143076923076923
1 0.663353500432152 0.666153846153846 0.033707865168539 0.138461538461538
1 0.704407951598963 0.663076923076923 0.034572169403630 0.144615384615385
2 0.744598098530683 0.662307692307692 0.033707865168539 0.143076923076923
1 0.784356093344857 0.674615384615385 0.031979256698358 0.143076923076923
1 0.825410544511668 0.674615384615385 0.034572169403630 0.146153846153846
1 0.863872082973207 0.664615384615385 0.030250648228176 0.147692307692308
2 0.908383751080380 0.665384615384615 0.038029386343993 0.149230769230769
2 0.945548833189283 0.662307692307692 0.031114952463267 0.143076923076923
1 0.984874675885912 0.667692307692308 0.030250648228176 0.138461538461538
1 0.020311149524633 0.836153846153846 0.035436473638721 0.143076923076923
2 0.062229904926534 0.837692307692308 0.038029386343993 0.140000000000000
1 0.103716508210890 0.833076923076923 0.036300777873812 0.149230769230769
5 0.142610198789974 0.829230769230769 0.038029386343993 0.147692307692308
2 0.185825410544512 0.829230769230769 0.032843560933449 0.144615384615385
1 0.227312013828868 0.834615384615385 0.029386343993086 0.149230769230769
4 0.264044943820225 0.828461538461538 0.037165082108902 0.146153846153846
2 0.306395851339672 0.826153846153846 0.031979256698358 0.123076923076923
2 0.344857389801210 0.823846153846154 0.036300777873812 0.136923076923077
4 0.385911840968021 0.833846153846154 0.033707865168539 0.126153846153846
2 0.426966292134831 0.826153846153846 0.032843560933449 0.141538461538462
1 0.465859982713915 0.825384615384615 0.032843560933449 0.136923076923077
2 0.506482281763181 0.823076923076923 0.032843560933449 0.135384615384615
1 0.544511668107174 0.827692307692308 0.034572169403630 0.144615384615385
2 0.582973206568712 0.826923076923077 0.035436473638721 0.143076923076923
4 0.623163353500432 0.829230769230769 0.034572169403630 0.116923076923077
1 0.661624891961971 0.824615384615385 0.033707865168539 0.138461538461538
1 0.702247191011236 0.826923076923077 0.035436473638721 0.133846153846154
1 0.744165946413137 0.830000000000000 0.038029386343993 0.149230769230769
4 0.785652549697494 0.830000000000000 0.032843560933449 0.112307692307692
1 0.822385479688850 0.828461538461538 0.031979256698358 0.140000000000000
1 0.864304235090752 0.817692307692308 0.034572169403630 0.124615384615385
2 0.904926534140017 0.822307692307692 0.034572169403630 0.133846153846154
1 0.944252376836647 0.819230769230769 0.031979256698358 0.127692307692308
1 0.993085566119274 0.822307692307692 0.013828867761452 0.133846153846154
